10000
11
10000
144223276
10000
16360
16356
16354
16345
16356
16343
16353
16359
16358
16379
16345
16368
16326
16361
16378
16382
16348
16379
16390
16331
16395
16393
16317
16378
16385
16355
16347
16340
16348
16357
16369
0
0
0
0
0
0
0
0
0
0
0
0
0
0
0
0
0
0
0
0
0
0
0
0
0
0
0
0
0
10000
12
10000
144957611
10000
16425
15978
22303
16860
17462
17086
15962
16079
16792
18947
18984
12157
15869
23904
21104
16382
17020
15854
15826
15163
20330
7823
14438
17875
17197
17937
16519
16613
16212
16719
26556
0
0
0
0
0
0
0
0
0
0
0
0
0
0
0
0
0
0
0
0
0
0
0
0
0
0
0
0
0
10000
11
10000
147410984
10000
16366
16354
16366
16361
16364
16362
16360
16372
16341
16351
16346
16379
16383
16330
16375
16349
16348
16342
16351
16352
16346
16365
16362
16357
16358
16361
16352
16355
16358
16363
16331
0
0
0
0
0
0
0
0
0
0
0
0
0
0
0
0
0
0
0
0
0
0
0
0
0
0
0
0
0
10000
12
10000
148145186
10000
6507
17681
18979
16182
16981
17049
16092
16256
17141
16635
15958
16164
16576
16254
16940
16907
14837
13501
18075
16698
15897
16610
14709
15996
15428
17085
16300
16060
16564
16681
16894
0
0
0
0
0
0
0
0
0
0
0
0
0
0
0
0
0
0
0
0
0
0
0
0
0
0
0
0
0
10000
11
10000
150601658
10000
16341
16377
16322
16327
16374
16330
16345
16362
16337
16351
16374
16362
16361
16349
16369
16365
16353
16364
16354
16379
16347
16356
16367
16349
16334
16363
16345
16355
16357
16340
16359
0
0
0
0
0
0
0
0
0
0
0
0
0
0
0
0
0
0
0
0
0
0
0
0
0
0
0
0
0
10000
12
10000
151334764
10000
16273
16450
16726
15925
16181
16380
16409
15989
16445
16363
16020
16288
16116
16351
16237
16326
16306
16350
16245
16570
16441
15659
15076
18089
16901
15896
16255
17481
16406
16461
23100
0
0
0
0
0
0
0
0
0
0
0
0
0
0
0
0
0
0
0
0
0
0
0
0
0
0
0
0
0
10000
11
10000
153788253
10000
16364
16361
16362
16348
16363
16342
16333
16394
16331
16333
16375
16330
16396
16328
16392
16352
16346
16393
16385
16308
16388
16398
16331
16355
16323
16390
16350
16347
16319
16227
16456
0
0
0
0
0
0
0
0
0
0
0
0
0
0
0
0
0
0
0
0
0
0
0
0
0
0
0
0
0
10000
12
10000
154521416
10000
12116
12172
19113
24481
16459
17480
15744
15676
15906
23984
7905
16769
27098
17215
15938
15999
23356
15922
13747
17310
16524
15266
18262
19451
24492
18763
15208
12204
11539
14617
17922
0
0
0
0
0
0
0
0
0
0
0
0
0
0
0
0
0
0
0
0
0
0
0
0
0
0
0
0
0
10000
11
10000
156976110
10000
16383
16336
16367
16419
16285
16373
16355
16339
16369
16383
16349
16361
16375
16343
16368
16350
16350
16363
16358
16367
16379
16348
16335
16351
16372
16380
16384
16335
16316
16349
16379
0
0
0
0
0
0
0
0
0
0
0
0
0
0
0
0
0
0
0
0
0
0
0
0
0
0
0
0
0
10000
12
10000
157710207
10000
17453
15953
17150
15960
18606
17146
16434
17264
16810
15946
17117
16227
15836
16757
17233
17253
16544
17020
16008
19433
16518
16817
16797
17023
16667
16492
16685
16667
16924
16589
16793
0
0
0
0
0
0
0
0
0
0
0
0
0
0
0
0
0
0
0
0
0
0
0
0
0
0
0
0
0
10000
11
10000
160165930
10000
16397
16357
16349
16320
16331
16359
16396
16367
16360
16330
16300
16366
16400
16371
16392
16339
16326
16337
16367
16384
16386
16345
16347
16311
16363
16381
16374
16340
16364
16362
16337
0
0
0
0
0
0
0
0
0
0
0
0
0
0
0
0
0
0
0
0
0
0
0
0
0
0
0
0
0
10000
12
10000
160898060
10000
16934
16735
16644
15797
16734
17143
17148
17067
16576
16888
16667
16106
16329
17473
17316
17188
16420
17617
17099
17200
16967
16383
16638
16389
16774
16735
16568
17445
16338
16366
16881
0
0
0
0
0
0
0
0
0
0
0
0
0
0
0
0
0
0
0
0
0
0
0
0
0
0
0
0
0
10000
11
10000
163355535
10000
16370
16360
16360
16338
16360
16345
16346
16378
16338
16342
16373
16336
16341
16370
16330
16337
16370
16361
16348
16356
16339
16346
16361
16353
16359
16378
16328
16335
16362
16373
16372
0
0
0
0
0
0
0
0
0
0
0
0
0
0
0
0
0
0
0
0
0
0
0
0
0
0
0
0
0
10000
12
10000
164088595
10000
16897
13588
16338
15948
15932
18246
17216
16471
19348
17451
17037
16643
16980
16559
16825
16590
16816
16911
16814
15958
17459
16554
16763
16258
15400
16417
16071
16728
16825
16746
16484
0
0
0
0
0
0
0
0
0
0
0
0
0
0
0
0
0
0
0
0
0
0
0
0
0
0
0
0
0
10000
11
10000
166545274
10000
16343
16355
16330
16350
16369
16362
16359
16351
16357
16382
16345
16371
16354
16372
16345
16360
16349
16366
16372
16366
16341
16353
16346
16365
16357
16340
16367
16361
16350
16355
16381
0
0
0
0
0
0
0
0
0
0
0
0
0
0
0
0
0
0
0
0
0
0
0
0
0
0
0
0
0
10000
12
10000
167278312
10000
17864
16232
17085
17044
17308
17287
15762
17427
17247
17254
18551
19671
18373
14526
14971
15528
13442
15343
15197
15985
16700
17813
16738
16118
15309
15614
15989
15647
15354
15635
16648
0
0
0
0
0
0
0
0
0
0
0
0
0
0
0
0
0
0
0
0
0
0
0
0
0
0
0
0
0
10000
11
10000
169731929
10000
16362
16348
16356
16376
16348
16348
16356
16353
16364
16356
16341
16364
16360
16344
16355
16373
16347
16359
16373
16340
16372
16362
16353
16359
16359
16346
16366
16372
16357
16352
16343
0
0
0
0
0
0
0
0
0
0
0
0
0
0
0
0
0
0
0
0
0
0
0
0
0
0
0
0
0
10000
12
10000
170465818
10000
15756
11249
16211
16787
20376
15484
17150
14246
15588
15463
16354
17692
16159
14700
16770
17206
16147
16268
12425
10574
15993
15763
14131
17333
20440
16900
21972
13540
16198
12894
15969
0
0
0
0
0
0
0
0
0
0
0
0
0
0
0
0
0
0
0
0
0
0
0
0
0
0
0
0
0
10000
11
10000
172919665
10000
16341
16367
16357
16358
16361
16349
16364
16364
16359
16351
16359
16334
16353
16367
16365
16353
16384
16323
16325
16378
16347
16361
16362
16343
16349
16374
16358
16351
16360
16361
16338
0
0
0
0
0
0
0
0
0
0
0
0
0
0
0
0
0
0
0
0
0
0
0
0
0
0
0
0
0
10000
12
10000
173654489
10000
25835
17500
17692
19216
14217
15555
16651
18778
19012
16163
14281
20117
18808
16535
12303
16766
16176
14193
16615
16053
16748
15344
16545
16108
15960
16090
16181
16574
16287
16238
15193
0
0
0
0
0
0
0
0
0
0
0
0
0
0
0
0
0
0
0
0
0
0
0
0
0
0
0
0
0
10000
11
10000
176109398
10000
16363
16378
16344
16343
16350
16331
16361
16382
16343
16345
16349
16355
16372
16367
16359
16333
16364
16334
16352
16376
16371
16354
16347
16355
16377
16347
16391
16366
16320
16349
16395
0
0
0
0
0
0
0
0
0
0
0
0
0
0
0
0
0
0
0
0
0
0
0
0
0
0
0
0
0
10000
12
10000
176842290
10000
15107
16342
16003
15919
15168
16402
15126
13790
15425
15309
16686
15558
16170
15755
16179
16346
15822
16393
16273
16205
16540
15874
16218
15923
16735
16426
16334
16121
15897
15737
16381
0
0
0
0
0
0
0
0
0
0
0
0
0
0
0
0
0
0
0
0
0
0
0
0
0
0
0
0
0
10000
11
10000
179300148
10000
16401
16348
16352
16345
16371
16351
16362
16376
16343
16356
16333
16398
16411
16310
16390
16342
16354
16367
16372
16355
16376
16363
16325
16390
16407
16332
16370
16384
16336
16357
16347
0
0
0
0
0
0
0
0
0
0
0
0
0
0
0
0
0
0
0
0
0
0
0
0
0
0
0
0
0
10000
12
10000
180033938
10000
15590
15874
15957
16419
15692
15946
15279
16421
16377
17088
15920
16380
15313
17133
15693
16740
16059
17287
15307
15821
16026
16564
16196
16114
16317
15777
16390
15836
16655
16587
17894
0
0
0
0
0
0
0
0
0
0
0
0
0
0
0
0
0
0
0
0
0
0
0
0
0
0
0
0
0
10000
11
10000
182487798
10000
16371
16360
16361
16345
16361
16379
16338
16369
16337
16337
16363
16358
16358
16352
16346
16378
16339
16350
16353
16375
16328
16355
16354
16377
16348
16367
16337
16314
16386
16390
16387
0
0
0
0
0
0
0
0
0
0
0
0
0
0
0
0
0
0
0
0
0
0
0
0
0
0
0
0
0
10000
12
10000
183220619
10000
15578
16765
13620
16357
16038
16491
15618
17409
12895
14629
17281
17964
13993
17536
17273
13359
13745
17566
15677
15445
15813
15460
16071
16281
28655
15722
16257
16710
21488
16002
15348
0
0
0
0
0
0
0
0
0
0
0
0
0
0
0
0
0
0
0
0
0
0
0
0
0
0
0
0
0
10000
11
10000
185675736
10000
16323
16401
16375
16330
16373
16376
16357
16340
16341
16378
16351
16367
16335
16345
16355
16349
16372
16349
16337
16379
16325
16345
16370
16372
16342
16364
16330
16355
16370
16387
16379
0
0
0
0
0
0
0
0
0
0
0
0
0
0
0
0
0
0
0
0
0
0
0
0
0
0
0
0
0
10000
12
10000
186408506
10000
19524
15300
14044
18101
18112
17971
15594
15916
14758
17705
18019
15024
16310
21008
13318
16760
17029
13876
18082
18033
16642
14692
13755
17122
16206
16160
16299
16886
16920
15321
15028
0
0
0
0
0
0
0
0
0
0
0
0
0
0
0
0
0
0
0
0
0
0
0
0
0
0
0
0
0
10000
11
10000
188865724
10000
16337
16354
16344
16376
16355
16366
16352
16353
16363
16363
16350
16347
16358
16357
16351
16366
16377
16358
16341
16369
16342
16378
16330
16365
16378
16353
16366
16340
16358
16343
16326
0
0
0
0
0
0
0
0
0
0
0
0
0
0
0
0
0
0
0
0
0
0
0
0
0
0
0
0
0
10000
12
10000
189598493
10000
17955
16285
17412
15777
14338
13213
14820
15472
22516
21303
14810
13881
14208
17044
11851
17965
14109
9417
17630
17812
16349
11888
20988
22821
16479
14532
16047
16751
18398
18346
16173
0
0
0
0
0
0
0
0
0
0
0
0
0
0
0
0
0
0
0
0
0
0
0
0
0
0
0
0
0
10000
11
10000
192053634
10000
16380
16348
16351
16365
16346
16328
16382
16333
16366
16365
16360
16318
16341
16346
16365
16414
16333
16297
16348
16326
16364
16410
16370
16339
16329
16347
16370
16375
16390
16360
16336
0
0
0
0
0
0
0
0
0
0
0
0
0
0
0
0
0
0
0
0
0
0
0
0
0
0
0
0
0
10000
12
10000
192786391
10000
21785
21143
20498
14834
16866
17635
14772
11593
14346
14081
15454
17199
17155
16501
16517
13298
18333
15044
16647
14828
17959
15801
14890
15242
15964
19156
15838
15464
16406
16840
16131
0
0
0
0
0
0
0
0
0
0
0
0
0
0
0
0
0
0
0
0
0
0
0
0
0
0
0
0
0
10000
11
10000
195242266
10000
16353
16361
16376
16382
16350
16335
16359
16354
16359
16357
16341
16357
16361
16364
16346
16352
16331
16351
16390
16365
16344
16356
16347
16356
16344
16368
16314
16412
16308
16343
16359
0
0
0
0
0
0
0
0
0
0
0
0
0
0
0
0
0
0
0
0
0
0
0
0
0
0
0
0
0
10000
12
10000
195975948
10000
16631
16185
18677
15566
19256
16268
15711
12631
11515
23028
15794
10314
20081
14598
21943
19733
19342
18265
25110
17741
9846
19563
24879
9456
18084
16490
22454
13891
16304
12005
15386
0
0
0
0
0
0
0
0
0
0
0
0
0
0
0
0
0
0
0
0
0
0
0
0
0
0
0
0
0
10000
11
10000
198431960
10000
16370
16362
16357
16344
16338
16351
16360
16372
16354
16350
16351
16349
16349
16375
16376
16351
16354
16360
16348
16359
16353
16334
16370
16320
16332
16320
16357
16347
16396
16384
16377
0
0
0
0
0
0
0
0
0
0
0
0
0
0
0
0
0
0
0
0
0
0
0
0
0
0
0
0
0
10000
12
10000
199166639
10000
23949
16989
16379
18855
14801
16353
15862
9920
17113
18924
18185
11530
14767
12341
16513
17525
21475
23947
15634
15980
16608
16378
16609
16966
16815
17001
16739
16761
16765
16927
16835
0
0
0
0
0
0
0
0
0
0
0
0
0
0
0
0
0
0
0
0
0
0
0
0
0
0
0
0
0
10000
11
10000
201620759
10000
16353
16342
16348
16349
16362
16361
16381
16342
16323
16369
16341
16362
16381
16341
16320
16354
16330
16359
16383
16375
16333
16350
16333
16350
16385
16355
16343
16353
16341
16359
16374
0
0
0
0
0
0
0
0
0
0
0
0
0
0
0
0
0
0
0
0
0
0
0
0
0
0
0
0
0
10000
12
10000
202353231
10000
16789
16770
16711
16752
16815
16860
16869
16788
16727
16770
16852
16826
16747
16730
16785
16838
16835
16746
16772
16791
16768
16904
16803
16765
16659
16787
16770
16789
16790
16845
16777
0
0
0
0
0
0
0
0
0
0
0
0
0
0
0
0
0
0
0
0
0
0
0
0
0
0
0
0
0
10000
11
10000
204807341
10000
16374
16372
16355
16343
16337
16365
16378
16363
16349
16359
16342
16355
16351
16372
16349
16352
16354
16363
16344
16362
16358
16362
16357
16355
16350
16361
16373
16343
16374
16372
16377
0
0
0
0
0
0
0
0
0
0
0
0
0
0
0
0
0
0
0
0
0
0
0
0
0
0
0
0
0
10000
12
10000
205539906
10000
16728
16885
16744
16742
16794
16738
16757
16751
16817
16706
16841
16891
16761
16784
16854
16751
16727
16740
16777
16791
16791
16758
16767
16791
16777
16780
16743
16780
16822
16833
16774
0
0
0
0
0
0
0
0
0
0
0
0
0
0
0
0
0
0
0
0
0
0
0
0
0
0
0
0
0
10000
11
10000
209963720
10000
16332
16379
16380
16342
16379
16364
16348
16354
16376
16336
16392
16382
16346
16385
16403
16323
16398
16381
16337
16392
16362
16323
16377
16392
16347
16386
16381
16327
16375
16365
16376
16358
16353
16353
16361
16350
16371
16355
16369
16341
16339
16352
16356
16361
16359
16354
16362
16349
16368
16375
0
0
0
0
0
0
0
0
0
0
10000
12
10000
211681673
10000
16771
16737
16724
16756
16756
16821
16711
16692
16772
16832
16821
16726
16741
16843
16742
16788
16789
16808
16521
16886
17057
16541
16994
17131
16691
16612
16508
16361
17500
15766
14572
17908
16921
17864
17660
17393
16999
17437
16637
17333
16387
16794
18202
16231
17038
16845
17096
16423
15640
16417
17609
15734
11011
16377
25615
21416
15156
12207
18680
18414
10000
11
10000
216107547
10000
16355
16366
16372
16339
16363
16381
16350
16378
16377
16342
16368
16371
16347
16370
16369
16350
16369
16379
16345
16367
16378
16345
16360
16365
16355
16352
16331
16342
16382
16359
16354
16358
16347
16356
16355
16360
16352
16363
16352
16352
16355
16347
16368
16362
16371
16363
16350
16361
16358
16370
16366
16332
16368
16374
16343
16368
16381
16348
16369
16373
10000
12
10000
217826441
10000
15479
16709
17243
14844
15724
16856
17646
17185
18054
16246
15559
17175
17524
19453
14767
15113
19668
12624
13838
11550
12662
13684
16455
14777
14035
17178
15855
13982
14347
13927
16124
12282
15023
13926
17993
15678
24130
14178
9915
20189
17643
15812
19291
15909
16635
15342
15675
16964
18386
16265
16193
16888
15717
14658
15765
17254
17016
15712
16372
16529
10000
11
10000
220281777
10000
16350
16378
16363
16348
16358
16356
16335
16374
16344
16347
16368
16358
16345
16363
16352
16344
16371
16363
16351
16367
16351
16309
16356
16353
16372
16339
16361
16360
16366
16353
16356
16370
16353
16349
16360
16370
16361
16349
16359
16356
16350
0
0
0
0
0
0
0
0
0
0
0
0
0
0
0
0
0
0
0
10000
12
10000
221015226
10000
10920
14783
20839
17009
15149
15255
16479
17974
17061
15510
15981
14588
16612
16871
16683
15474
16107
17459
16873
19988
17767
16095
15792
15893
15395
17147
18949
14440
15671
13948
15096
16952
0
0
0
0
0
0
0
0
0
0
0
0
0
0
0
0
0
0
0
0
0
0
0
0
0
0
0
0
10000
11
10000
223471411
10000
16358
16358
16363
16342
16367
16364
16347
16380
16361
16368
16359
16350
16346
16363
16370
16348
16375
16361
16339
16365
16373
16357
16383
16365
16334
16365
16371
16353
16385
16377
16333
16344
0
0
0
0
0
0
0
0
0
0
0
0
0
0
0
0
0
0
0
0
0
0
0
0
0
0
0
0
10000
12
10000
224205779
10000
16088
15800
14398
15787
17523
14369
16470
16756
14693
16485
16834
16360
15253
17972
16635
16716
26465
11424
20816
19173
15470
18536
16415
14671
17735
16146
18299
17027
19353
20200
12438
0
0
0
0
0
0
0
0
0
0
0
0
0
0
0
0
0
0
0
0
0
0
0
0
0
0
0
0
0
10000
11
10000
226659100
10000
16367
16348
16342
16372
16341
16344
16361
16352
16356
16365
16349
16358
16361
16369
16357
16366
16350
16366
16363
16355
16332
16349
16374
16367
16354
16361
16359
16350
16364
16370
16349
0
0
0
0
0
0
0
0
0
0
0
0
0
0
0
0
0
0
0
0
0
0
0
0
0
0
0
0
0
10000
12
10000
227392416
10000
18833
20586
16899
17613
16932
18083
17632
16835
17717
17738
16344
16759
26188
20604
22527
17333
16541
18419
15126
18751
18075
12777
17788
15560
19013
13483
17598
18918
17753
17131
19062
0
0
0
0
0
0
0
0
0
0
0
0
0
0
0
0
0
0
0
0
0
0
0
0
0
0
0
0
0
10000
11
10000
230841311
10000
16357
16387
16371
16342
16355
16356
16350
16363
16381
16339
16387
16373
16330
16373
16377
16351
16360
16360
16356
16355
16355
16362
16351
16358
16351
16357
16357
16361
16358
16369
16354
16379
16343
16343
16361
16342
16349
16372
16365
16349
16362
0
0
0
0
0
0
0
0
0
0
0
0
0
0
0
0
0
0
0
