10000
11
10000
4144876228
10000
16362
16339
16344
16369
16344
16339
16362
16354
16358
16371
16369
16350
16355
16343
16351
16361
16361
16354
16360
16361
16351
16358
16352
16352
16366
16346
16350
16346
16359
16361
16372
0
0
0
0
0
0
0
0
0
0
0
0
0
0
0
0
0
0
0
0
0
0
0
0
0
0
0
0
0
10000
11
10000
4151337999
10000
16356
16358
16355
16352
16367
16358
16349
16354
16360
16344
16360
16360
16353
16351
16353
16346
16364
16365
16348
16355
16349
16348
16350
16362
16363
16358
16362
16349
16350
16352
16359
16354
16350
16354
16366
16353
16363
16359
16358
16357
16352
16352
16347
16350
16351
16361
16347
16344
16349
16367
16365
16366
16349
16357
16352
16358
16358
16349
16355
16347
10000
12
10000
4152072207
10000
23162
34517
12658
25844
20318
17795
19786
30243
21152
16848
16244
15729
21323
29669
21809
14113
23141
7116
17050
20857
19661
15431
16471
15559
19252
36136
18572
16350
21466
11742
18797
23772
22600
16813
0
0
0
0
0
0
0
0
0
0
0
0
0
0
0
0
0
0
0
0
0
0
0
0
0
0
10000
11
10000
4154527036
10000
16356
16343
16352
16350
16360
16359
16356
16360
16363
16355
16358
16348
16359
16357
16348
16353
16377
16338
16377
16358
16354
16370
16345
16346
16381
16376
16328
16370
16335
16359
16360
16353
0
0
0
0
0
0
0
0
0
0
0
0
0
0
0
0
0
0
0
0
0
0
0
0
0
0
0
0
10000
12
10000
4155260158
10000
16574
19112
25500
35488
17037
21591
18831
21307
13505
22543
16337
15165
14877
29300
33000
15505
16255
19644
16279
22205
23267
17465
16026
16134
20793
28549
15472
20755
24946
15481
32062
0
0
0
0
0
0
0
0
0
0
0
0
0
0
0
0
0
0
0
0
0
0
0
0
0
0
0
0
0
10000
11
10000
4157713203
10000
16347
16410
16328
16380
16364
16348
16385
16357
16349
16359
16359
16350
16346
16355
16357
16336
16344
16357
16349
16345
16352
16353
16350
16356
16350
16340
16345
16357
16366
16346
16349
0
0
0
0
0
0
0
0
0
0
0
0
0
0
0
0
0
0
0
0
0
0
0
0
0
0
0
0
0
10000
12
10000
4158446248
10000
21446
16683
15820
17316
23069
25611
7310
10650
30613
24757
33613
16540
16149
16068
15856
28336
32171
14668
26319
20597
20892
22341
25588
17362
16682
18331
23540
35840
16135
18787
18115
0
0
0
0
0
0
0
0
0
0
0
0
0
0
0
0
0
0
0
0
0
0
0
0
0
0
0
0
0
10000
11
10000
4160900350
10000
16344
16366
16341
16363
16339
16362
16342
16346
16376
16359
16363
16365
16354
16363
16358
16360
16347
16359
16328
16339
16354
16345
16364
16352
16363
16359
16365
16352
16356
16347
16345
0
0
0
0
0
0
0
0
0
0
0
0
0
0
0
0
0
0
0
0
0
0
0
0
0
0
0
0
0
10000
11
10000
4164089470
10000
16359
16359
16354
16346
16355
16348
16354
16359
16343
16348
16335
16376
16346
16345
16363
16357
16352
16355
16353
16350
16355
16342
16362
16345
16355
16348
16347
16359
16359
16350
16358
0
0
0
0
0
0
0
0
0
0
0
0
0
0
0
0
0
0
0
0
0
0
0
0
0
0
0
0
0
10000
12
10000
4164823649
10000
15675
42941
21166
15960
15447
15656
20539
32543
17365
27022
18880
11496
41027
23787
23007
16447
15233
19478
23429
16666
10459
25547
17580
18114
22936
20654
15028
15540
20251
31528
12849
0
0
0
0
0
0
0
0
0
0
0
0
0
0
0
0
0
0
0
0
0
0
0
0
0
0
0
0
0
10000
11
10000
4167277626
10000
16363
16361
16361
16355
16343
16355
16323
16359
16349
16347
16366
16369
16353
16348
16360
16348
16352
16336
16361
16355
16344
16366
16358
16337
16357
16337
16368
16342
16373
16339
16356
0
0
0
0
0
0
0
0
0
0
0
0
0
0
0
0
0
0
0
0
0
0
0
0
0
0
0
0
0
10000
12
10000
4168012367
10000
12133
13853
15805
17050
35028
19775
14957
16356
21642
28012
26681
23208
23201
8256
20171
14496
24910
15829
15505
17400
26898
26880
13222
22765
15188
18116
22107
17995
16580
16941
16450
0
0
0
0
0
0
0
0
0
0
0
0
0
0
0
0
0
0
0
0
0
0
0
0
0
0
0
0
0
10000
11
10000
4170468873
10000
16344
16378
16324
16395
16396
16330
16367
16352
16363
16358
16364
16349
16348
16367
16350
16337
16338
16351
16354
16315
16389
16316
16336
16383
16364
16339
16360
16344
16355
16354
16344
0
0
0
0
0
0
0
0
0
0
0
0
0
0
0
0
0
0
0
0
0
0
0
0
0
0
0
0
0
10000
12
10000
4171204876
10000
17118
16868
16900
15032
16271
16210
18166
16593
16180
17229
20920
27253
36075
23773
22431
18436
28882
20198
16595
15440
16507
21265
24222
8628
20608
14434
17590
34079
16729
15932
19992
0
0
0
0
0
0
0
0
0
0
0
0
0
0
0
0
0
0
0
0
0
0
0
0
0
0
0
0
0
10000
11
10000
4173660141
10000
16364
16370
16342
16351
16364
16358
16356
16363
16356
16360
16350
16360
16348
16352
16350
16353
16361
16351
16355
16346
16357
16361
16354
16347
16357
16346
16349
16351
16368
16343
16351
0
0
0
0
0
0
0
0
0
0
0
0
0
0
0
0
0
0
0
10000
12
10000
4175388003
10000
23115
19666
7050
20661
11001
19209
26554
16837
15739
15829
19685
24897
13718
15249
15861
16000
11181
18373
14821
15842
21157
27845
21914
24159
19626
13338
29777
19782
18523
14978
16937
30003
24960
9798
22701
11116
40696
23129
16709
16017
16593
0
0
0
0
0
0
0
0
0
0
0
0
0
0
0
0
0
0
0
10000
11
10000
4177843346
10000
16354
16355
16363
16355
16352
16346
16361
16352
16362
16348
16366
16343
16360
16351
16353
16354
16350
16345
16356
16357
16358
16350
16339
16359
16366
16361
16359
16351
16345
16344
16324
16360
16349
16366
16358
16360
16366
16332
16367
16354
16339
0
0
0
0
0
0
0
0
0
0
0
0
0
0
0
0
0
0
0
10000
12
10000
4179561397
10000
18135
23038
14118
13619
16917
16418
19598
13661
16017
16753
16299
16324
16221
16439
16326
16328
16391
16088
17228
17071
16241
16177
16175
15725
21823
17912
19236
18812
12101
11642
11259
42303
14852
17648
16136
16619
16727
24426
22258
14234
25868
0
0
0
0
0
0
0
0
0
0
0
0
0
0
0
0
0
0
0
10000
11
10000
4183986173
10000
16368
16345
16339
16349
16368
16339
16356
16376
16343
16371
16374
16346
16356
16354
16353
16361
16351
16356
16335
16337
16364
16362
16353
16362
16364
16366
16361
16354
16374
16352
16371
16365
16347
16360
16346
16365
16359
16351
16344
16354
16340
16365
16344
16347
16354
16345
16334
16366
16356
16356
16357
16341
16351
16347
16375
16346
16346
16342
16375
16375
10000
12
10000
4184720061
10000
12819
18464
24094
17757
16060
19330
23734
22233
13325
22050
22134
15212
34610
23196
17095
15681
19532
23247
19587
11403
23201
20452
21607
27551
17966
16381
14999
20256
24340
23409
12274
23028
6878
19452
17536
19637
14519
15500
18854
28245
15019
14655
26682
18418
28965
17063
22276
16555
17170
19573
0
0
0
0
0
0
0
0
0
0
10000
11
10000
4187173415
10000
16337
16349
16373
16344
16366
16358
16348
16353
16371
16331
16398
16378
16334
16358
16354
16353
16360
16361
16354
16338
16359
16364
16363
16358
16358
16347
16339
16366
16357
16337
16335
0
0
0
0
0
0
0
0
0
0
0
0
0
0
0
0
0
0
0
0
0
0
0
0
0
0
0
0
0
10000
12
10000
4187907167
10000
33618
11241
25389
24680
18808
32533
16502
16732
15406
16110
19855
19851
10941
21488
16127
18941
26948
17542
15715
15473
18787
26421
25872
12319
24355
10882
18566
21726
23651
14169
16402
17132
0
0
0
0
0
0
0
0
0
0
0
0
0
0
0
0
0
0
0
0
0
0
0
0
0
0
0
0
10000
11
10000
4190362587
10000
16351
16365
16361
16369
16354
16352
16343
16361
16335
16361
16347
16359
16355
16356
16360
16364
16339
16357
16358
16348
16367
16349
16352
16365
16361
16348
16355
16353
16362
16360
16358
16350
0
0
0
0
0
0
0
0
0
0
0
0
0
0
0
0
0
0
0
0
0
0
0
0
0
0
0
0
10000
12
10000
4191095289
10000
20684
19077
15370
16667
14873
14254
29940
17269
17113
16280
16224
15507
21107
14683
18839
18983
10987
14556
42406
19177
16990
15484
18116
21525
25100
19521
17092
28899
2899
14247
17504
0
0
0
0
0
0
0
0
0
0
0
0
0
0
0
0
0
0
0
0
0
0
0
0
0
0
0
0
0
10000
11
10000
4193550719
10000
16358
16361
16345
16353
16357
16343
16372
16354
16358
16346
16338
16378
16324
16353
16355
16349
16387
16351
16344
16338
16366
16359
16359
16367
16332
16354
16343
16338
16366
16323
16346
0
0
0
0
0
0
0
0
0
0
0
0
0
0
0
0
0
0
0
0
0
0
0
0
0
0
0
0
0
10000
12
10000
4194283526
10000
16496
15644
20951
25176
21443
14933
28181
13005
32169
20964
17020
15084
20423
25902
36761
11467
24002
17833
29495
11365
23088
15750
16445
19784
34612
10233
16837
17603
21241
12050
17658
0
0
0
0
0
0
0
0
0
0
0
0
0
0
0
0
0
0
0
0
0
0
0
0
0
0
0
0
0
10000
11
10000
4196740019
10000
16344
16346
16377
16377
16338
16376
16365
16340
16366
16353
16339
16365
16346
16359
16366
16366
16355
16359
16354
16354
16346
16346
16349
16350
16362
16346
16357
16357
16353
16366
16355
0
0
0
0
0
0
0
0
0
0
0
0
0
0
0
0
0
0
0
0
0
0
0
0
0
0
0
0
0
10000
11
10000
4201899623
10000
16349
16344
16361
16348
16352
16352
16347
16360
16344
16345
16352
16350
16360
16359
16352
16365
16367
16348
16363
16364
16350
16362
16355
16353
16358
16358
16362
16359
16363
16354
16360
16357
16352
16352
16352
16350
16370
16369
16356
16354
16359
16342
16365
16358
16359
16349
16364
16352
16346
16352
0
0
0
0
0
0
0
0
0
0
10000
12
10000
4203618862
10000
15024
16935
16241
15827
16024
17683
17572
14700
14893
19866
14129
17837
16623
15923
16200
16031
15794
16033
19695
18441
18979
18283
13685
12535
13980
21974
18219
16202
15783
15693
16766
19912
16657
13854
18791
18907
19724
35531
15953
16316
15827
19436
0
0
0
0
0
0
0
0
0
0
0
0
0
0
0
0
0
0
10000
11
10000
4206073484
10000
16347
16356
16355
16350
16358
16344
16343
16371
16330
16356
16332
16375
16359
16361
16351
16341
16345
16386
16376
16307
16364
16357
16368
16331
16339
16325
16365
16355
16366
16339
16362
16353
16363
16368
16354
16327
16337
16369
16348
16373
16363
0
0
0
0
0
0
0
0
0
0
0
0
0
0
0
0
0
0
0
10000
12
10000
4206808077
10000
29047
21360
25322
21113
14897
38232
16286
15964
17277
16024
17239
23706
9989
19896
25448
14163
36370
28448
14596
15739
16471
16993
23361
29060
20913
24614
17130
14414
31539
19896
17099
0
0
0
0
0
0
0
0
0
0
0
0
0
0
0
0
0
0
0
0
0
0
0
0
0
0
0
0
0
10000
11
10000
4209261582
10000
16357
16357
16364
16340
16365
16348
16337
16364
16348
16360
16357
16340
16343
16360
16344
16360
16340
16357
16347
16369
16361
16355
16352
16370
16363
16360
16352
16357
16353
16352
16356
16352
0
0
0
0
0
0
0
0
0
0
0
0
0
0
0
0
0
0
0
0
0
0
0
0
0
0
0
0
10000
12
10000
4209995047
10000
16986
16107
16239
16389
17429
15470
15338
15517
16665
16710
17091
16380
15932
16300
17985
23744
11894
15115
21690
12784
19729
20099
16858
15784
16213
16033
16010
19943
22366
12404
18125
0
0
0
0
0
0
0
0
0
0
0
0
0
0
0
0
0
0
0
0
0
0
0
0
0
0
0
0
0
10000
11
10000
4212449546
10000
16363
16349
16364
16359
16352
16365
16344
16370
16348
16319
16385
16326
16339
16357
16355
16352
16361
16360
16369
16356
16360
16349
16343
16360
16355
16368
16345
16358
16360
16337
16324
0
0
0
0
0
0
0
0
0
0
0
0
0
0
0
0
0
0
0
10000
12
10000
4213183036
10000
12310
22354
16626
16616
16190
16061
16168
16139
25089
11385
14494
21499
12143
14596
20567
17872
16232
15983
16275
15938
16654
29591
14639
11982
17450
12262
7436
13030
15542
16220
15286
0
0
0
0
0
0
0
0
0
0
0
0
0
0
0
0
0
0
0
0
0
0
0
0
0
0
0
0
0
10000
11
10000
4215636603
10000
16331
16361
16337
16367
16353
16347
16347
16363
16349
16357
16355
16365
16352
16369
16354
16358
16368
16360
16361
16346
16357
16361
16346
16371
16359
16362
16363
16360
16351
16378
16367
0
0
0
0
0
0
0
0
0
0
0
0
0
0
0
0
0
0
0
0
0
0
0
0
0
0
0
0
0
10000
12
10000
4217365001
10000
15437
21692
17089
13976
16417
15988
17385
12304
17656
15774
15908
16536
16291
16293
15761
21045
26268
22087
27456
16839
13454
19098
22466
17373
15875
16286
16747
25549
27399
23056
9673
16662
19801
20010
16190
16356
16028
17849
28746
25383
23590
0
0
0
0
0
0
0
0
0
0
0
0
0
0
0
0
0
0
0
10000
11
10000
4219821619
10000
16388
16322
16384
16409
16331
16361
16191
16505
16214
16272
16443
16248
16263
16393
16334
16398
16317
16400
16394
16319
16384
16381
16341
16380
16363
16360
16358
16351
16364
16346
16347
16366
16348
16367
16342
16357
16363
16356
16343
16341
16362
0
0
0
0
0
0
0
0
0
0
0
0
0
0
0
0
0
0
0
10000
12
10000
4221550168
10000
23885
10633
35971
10744
18669
16496
15605
18292
28399
16703
9798
26443
19093
20873
30072
16839
16187
16107
20376
30699
17023
23219
19221
18270
36646
17364
17652
15214
16807
18755
22550
15365
16149
16379
14277
13911
15101
34273
18728
17086
17390
0
0
0
0
0
0
0
0
0
0
0
0
0
0
0
0
0
0
0
10000
11
10000
4224005836
10000
16368
16362
16360
16363
16349
16361
16370
16355
16352
16363
16352
16356
16352
16352
16368
16352
16350
16367
16362
16348
16358
16346
16353
16342
16365
16356
16367
16356
16361
16364
16367
16348
16367
16358
16352
16349
16369
16338
16344
16360
16353
0
0
0
0
0
0
0
0
0
0
0
0
0
0
0
0
0
0
0
10000
12
10000
4224739141
10000
17232
33345
21294
11506
17160
17747
16829
12173
17397
16402
16427
18032
32420
28775
14277
38629
1528
33406
18534
19828
16350
16584
19726
30901
7760
15281
30208
21076
27795
18640
15880
0
0
0
0
0
0
0
0
0
0
0
0
0
0
0
0
0
0
0
0
0
0
0
0
0
0
0
0
0
10000
11
10000
4227195800
10000
16377
16330
16333
16358
16332
16342
16386
16328
16330
16373
16334
16368
16330
16383
16374
16359
16374
16388
16337
16369
16354
16354
16337
16336
16365
16359
16358
16344
16360
16350
16354
0
0
0
0
0
0
0
0
0
0
0
0
0
0
0
0
0
0
0
0
0
0
0
0
0
0
0
0
0
10000
12
10000
4227929041
10000
16294
18453
26584
13761
15474
26598
21664
40840
13274
16779
16207
14923
26611
35463
12867
12329
20496
16922
14133
21405
17042
15555
21195
30391
20009
32703
21699
22870
23582
24121
16891
0
0
0
0
0
0
0
0
0
0
0
0
0
0
0
0
0
0
0
0
0
0
0
0
0
0
0
0
0
10000
11
10000
4230383903
10000
16359
16367
16363
16359
16361
16350
16354
16352
16356
16362
16344
16353
16352
16360
16353
16365
16342
16345
16368
16361
16334
16388
16332
16369
16335
16366
16360
16350
16365
16357
16377
0
0
0
0
0
0
0
0
0
0
0
0
0
0
0
0
0
0
0
0
0
0
0
0
0
0
0
0
0
10000
12
10000
4232112754
10000
19570
22447
17026
16171
16583
21228
35839
18256
22851
21501
13699
41294
22096
17612
16288
19343
33189
12270
14107
25725
17237
35342
15488
19325
15971
17007
16174
31403
12315
14042
20926
18321
17504
17068
15781
13648
15755
20275
16635
15464
16917
0
0
0
0
0
0
0
0
0
0
0
0
0
0
0
0
0
0
0
10000
11
10000
4234566203
10000
16331
16381
16374
16336
16385
16377
16352
16373
16369
16359
16364
16354
16353
16349
16339
16364
16344
16348
16315
16380
16361
16364
16347
16310
16430
16290
16301
16406
16304
16263
16449
16257
16280
16404
16270
16409
16300
16407
16382
16321
16370
0
0
0
0
0
0
0
0
0
0
0
0
0
0
0
0
0
0
0
10000
12
10000
4235299736
10000
24862
32132
16699
6872
7462
17240
16066
18282
17199
15522
16046
16338
33521
18601
7720
6295
23182
11503
18054
16495
16164
16386
20909
19244
20603
9732
9013
14671
20318
15712
17298
0
0
0
0
0
0
0
0
0
0
0
0
0
0
0
0
0
0
0
0
0
0
0
0
0
0
0
0
0
10000
11
10000
4237753442
10000
16293
16424
16408
16326
16367
16329
16420
16284
16312
16394
16318
16298
16434
16280
16330
16338
16407
16434
16300
16378
16305
16364
16364
16354
16358
16378
16443
16257
16442
16409
16388
0
0
0
0
0
0
0
0
0
0
0
0
0
0
0
0
0
0
0
0
0
0
0
0
0
0
0
0
0
10000
12
10000
4238486367
10000
16312
16314
23598
19271
18198
9435
11347
17239
15127
16719
17006
16449
15517
20841
18457
15102
12139
13316
43545
17717
15968
16050
15655
16752
18387
18096
13823
10665
17765
18413
16448
0
0
0
0
0
0
0
0
0
0
0
0
0
0
0
0
0
0
0
0
0
0
0
0
0
0
0
0
0
10000
11
10000
4240940569
10000
16312
16425
16428
16305
16384
16467
16269
16431
16382
16337
16361
16359
16342
16375
16374
16359
16363
16338
16372
16353
16352
16369
16338
16359
16351
16353
16376
16345
16369
16344
16356
0
0
0
0
0
0
0
0
0
0
0
0
0
0
0
0
0
0
0
0
0
0
0
0
0
0
0
0
0
10000
12
10000
4241673689
10000
16317
16513
16313
16448
16641
16420
16377
16525
16554
16385
16495
16527
16456
16491
16489
16476
16476
16428
16487
16483
16476
16568
16436
16207
16800
17027
16556
16299
16611
16313
20031
0
0
0
0
0
0
0
0
0
0
0
0
0
0
0
0
0
0
0
0
0
0
0
0
0
0
0
0
0
10000
11
10000
4244128866
10000
16362
16360
16356
16347
16356
16349
16363
16353
16358
16364
16355
16358
16385
16324
16318
16389
16321
16359
16346
16373
16368
16360
16361
16294
16411
16317
16345
16355
16312
16327
16326
0
0
0
0
0
0
0
0
0
0
0
0
0
0
0
0
0
0
0
0
0
0
0
0
0
0
0
0
0
