10000
11
10000
1959686928
10000
16368
16364
16366
16370
16366
16381
16348
16353
16401
16360
16354
16395
16364
16363
16396
16356
16338
16403
16347
16350
16396
16358
16355
16399
16363
16343
16401
16360
16349
16394
16357
16360
16403
16364
16368
16384
16366
16380
16359
16361
16374
16368
16367
16393
16361
16387
16377
16373
16378
16388
16368
16390
16399
16359
16381
16376
16361
16399
16402
16356
10000
12
10000
1962401592
10000
16089
16068
16076
16073
16061
16076
16055
16069
16057
16076
16059
16072
16075
16059
16069
16087
16058
16061
16062
16068
16052
16070
16067
16050
16061
16054
16071
16064
16077
16065
16073
16070
16060
16091
16054
16070
16078
16069
16070
16087
16065
16070
16058
16072
16058
16056
16057
16065
16055
16054
16071
16065
16080
16061
16061
16065
16063
16063
16062
16068
10000
11
10000
1966828724
10000
16392
16345
16403
16396
16361
16389
16399
16358
16396
16391
16370
16360
16385
16368
16380
16382
16368
16381
16377
16383
16374
16374
16369
16387
16370
16379
16373
16384
16349
16398
16374
16366
16381
16354
16393
16354
16359
16389
16349
16356
16397
16360
16363
16388
16371
16365
16381
16362
16373
16389
16371
16371
16379
16389
16365
16389
16393
16369
16377
16391
10000
12
10000
1968548337
10000
16061
16062
16039
16065
16076
16054
16046
16065
16066
16046
16071
16061
16053
16060
16074
16072
16073
16067
16064
16065
16056
16054
16071
16057
16067
16077
16078
16071
16046
16077
16068
16083
16064
16071
16070
16057
16065
16058
16082
16048
16066
16064
16073
16066
16086
16063
16089
16040
16045
16032
16056
16036
16043
16058
16041
16060
16052
16066
16066
16049
10000
11
10000
1972974335
10000
16371
16362
16405
16340
16311
16433
16326
16341
16413
16345
16365
16379
16373
16367
16386
16358
16402
16340
16399
16389
16340
16416
16403
16343
16387
16394
16366
16406
16389
16375
16370
16379
16369
16381
16381
16371
16385
16381
16369
16405
16408
16343
16401
16405
16342
16391
16396
16361
16397
16382
16371
16380
16384
16396
16350
16383
16387
16370
16383
16358
10000
12
10000
1974694186
10000
16057
16061
16094
16054
16063
16071
16080
16051
16050
16073
16063
16060
16063
16057
16061
16055
16063
16058
16067
16090
16065
16063
16073
16074
16056
16073
16083
16074
16064
16064
16078
16069
16060
16079
16079
16090
16071
16082
16082
16086
16077
16080
16070
16062
16083
16058
16061
16065
16095
16071
16076
16079
16069
16057
16057
16077
16063
16050
16065
16065
10000
11
10000
1979122195
10000
16378
16354
16381
16378
16382
16358
16371
16373
16377
16367
16386
16386
16383
16388
16374
16383
16374
16359
16386
16394
16357
16395
16391
16359
16376
16390
16356
16406
16446
16299
16438
16425
16325
16404
16373
16388
16360
16370
16389
16385
16365
16368
16383
16376
16364
16388
16385
16377
16391
16394
16378
16368
16380
16381
16375
16371
16372
16391
16369
16376
10000
12
10000
1980840675
10000
16050
16082
16068
16068
16051
16077
16055
16061
16068
16063
16058
16019
16075
16099
16076
16035
16078
16044
16107
16051
16085
16064
16084
16089
16086
16056
16078
16060
16098
16061
16076
16085
16079
16088
16057
16074
16046
16062
16071
16061
16076
16088
16060
16073
16078
16084
16054
16069
16052
16061
16072
16066
16063
16063
16055
16046
16074
16068
16039
16050
10000
12
10000
1984028558
10000
16058
16046
16070
16049
16077
16055
16065
16061
16061
16083
16066
16050
16064
16071
16049
16075
16064
16065
16066
16070
16058
16084
16072
16069
16076
16065
16065
16093
16082
16080
16076
16070
0
0
0
0
0
0
0
0
0
0
0
0
0
0
0
0
0
0
0
0
0
0
0
0
0
0
0
0
10000
11
10000
1986482155
10000
16385
16374
16384
16369
16370
16382
16388
16374
16367
16370
16373
16375
16373
16382
16357
16376
16376
16368
16391
16391
16368
16382
16379
16376
16390
16369
16368
16390
16395
16359
16391
16406
0
0
0
0
0
0
0
0
0
0
0
0
0
0
0
0
0
0
0
0
0
0
0
0
0
0
0
0
10000
12
10000
1987215339
10000
16059
16056
16063
16068
16059
16070
16075
16072
16077
16079
16062
16095
16078
16072
16071
16068
16059
16078
16079
16067
16076
16073
16059
16074
16082
16071
16068
16080
16078
16065
16062
0
0
0
0
0
0
0
0
0
0
0
0
0
0
0
0
0
0
0
0
0
0
0
0
0
0
0
0
0
10000
11
10000
1989673293
10000
16360
16358
16400
16355
16348
16392
16365
16371
16380
16363
16353
16390
16370
16353
16385
16363
16356
16387
16353
16364
16398
16365
16363
16383
16366
16389
16377
16375
16375
16377
16361
0
0
0
0
0
0
0
0
0
0
0
0
0
0
0
0
0
0
0
0
0
0
0
0
0
0
0
0
0
10000
12
10000
1990407446
10000
16063
16075
16062
16079
16071
16054
16078
16073
16066
16068
16069
16067
16074
16056
16079
16075
16062
16072
16066
16059
16041
16066
16045
16055
16065
16069
16057
16066
16064
16054
16051
0
0
0
0
0
0
0
0
0
0
0
0
0
0
0
0
0
0
0
0
0
0
0
0
0
0
0
0
0
10000
11
10000
1993847593
10000
16387
16383
16360
16383
16383
16370
16383
16388
16368
16383
16390
16356
16382
16403
16350
16393
16382
16349
16397
16393
16374
16381
16393
16368
16400
16393
16374
16386
16373
16370
16378
16374
16367
16400
16380
16369
16386
16380
16366
16368
16379
0
0
0
0
0
0
0
0
0
0
0
0
0
0
0
0
0
0
0
10000
12
10000
1994580799
10000
16049
16055
16057
16056
16053
16057
16047
16072
16054
16063
16066
16057
16065
16078
16048
16056
16059
16053
16048
16053
16057
16058
16063
16050
16052
16060
16066
16054
16055
16047
16051
16056
16056
16042
16018
16050
16060
16056
16055
16053
16046
0
0
0
0
0
0
0
0
0
0
0
0
0
0
0
0
0
0
0
10000
11
10000
1997037462
10000
16380
16368
16377
16366
16359
16378
16387
16377
16372
16366
16379
16366
16385
16389
16379
16371
16367
16383
16384
16378
16365
16380
16377
16361
16377
16382
16359
16387
16398
16354
16377
0
0
0
0
0
0
0
0
0
0
0
0
0
0
0
0
0
0
0
0
0
0
0
0
0
0
0
0
0
10000
12
10000
1997770685
10000
16045
16049
16053
16053
16053
16044
16057
16059
16051
16046
16043
16039
16045
16048
16034
16055
16045
16046
16051
16050
16033
16053
16050
16046
16055
16045
16049
16027
16061
16041
16044
0
0
0
0
0
0
0
0
0
0
0
0
0
0
0
0
0
0
0
0
0
0
0
0
0
0
0
0
0
10000
11
10000
2000225311
10000
16386
16377
16381
16382
16374
16379
16380
16384
16362
16389
16382
16372
16375
16377
16372
16384
16391
16359
16400
16375
16373
16374
16372
16371
16380
16377
16363
16376
16370
16376
16383
0
0
0
0
0
0
0
0
0
0
0
0
0
0
0
0
0
0
0
0
0
0
0
0
0
0
0
0
0
10000
12
10000
2000958553
10000
16046
16068
16047
16047
16071
16053
16060
16051
16060
16067
16061
16057
16055
16057
16061
16049
16053
16042
16063
16051
16073
16061
16057
16056
16065
16060
16067
16069
16067
16066
16062
0
0
0
0
0
0
0
0
0
0
0
0
0
0
0
0
0
0
0
0
0
0
0
0
0
0
0
0
0
10000
11
10000
2003414379
10000
16367
16373
16377
16372
16380
16386
16373
16361
16388
16368
16380
16372
16377
16370
16381
16363
16378
16389
16373
16362
16388
16358
16362
16380
16370
16358
16385
16355
16352
16406
16402
0
0
0
0
0
0
0
0
0
0
0
0
0
0
0
0
0
0
0
0
0
0
0
0
0
0
0
0
0
10000
12
10000
2004147495
10000
16046
16055
16050
16055
16048
16067
16035
16057
16049
16050
16043
16048
16060
16062
16057
16062
16049
16068
16076
16053
16113
16086
16071
16038
16061
16046
16077
16052
16045
16046
16063
0
0
0
0
0
0
0
0
0
0
0
0
0
0
0
0
0
0
0
0
0
0
0
0
0
0
0
0
0
10000
11
10000
2006602108
10000
16350
16358
16382
16370
16380
16366
16382
16379
16372
16378
16395
16362
16372
16385
16376
16380
16368
16371
16375
16372
16369
16372
16371
16370
16384
16379
16376
16362
16387
16369
16369
0
0
0
0
0
0
0
0
0
0
0
0
0
0
0
0
0
0
0
0
0
0
0
0
0
0
0
0
0
10000
12
10000
2007336300
10000
16061
16051
16073
16067
16062
16067
16060
16053
16070
16098
16058
16071
16066
16075
16066
16066
16071
16063
16064
16061
16079
16068
16070
16049
16079
16067
16051
16068
16054
16052
16053
0
0
0
0
0
0
0
0
0
0
0
0
0
0
0
0
0
0
0
0
0
0
0
0
0
0
0
0
0
10000
11
10000
2009790133
10000
16386
16381
16369
16385
16389
16374
16384
16394
16361
16394
16386
16372
16383
16372
16376
16373
16365
16361
16385
16384
16369
16376
16385
16376
16379
16368
16372
16374
16372
16378
16370
0
0
0
0
0
0
0
0
0
0
0
0
0
0
0
0
0
0
0
0
0
0
0
0
0
0
0
0
0
10000
12
10000
2010523398
10000
16072
16053
16047
16066
16052
16047
16066
16055
16065
16068
16064
16069
16071
16059
16055
16064
16048
16056
16054
16097
16064
16060
16074
16061
16059
16057
16050
16059
16080
16058
16061
0
0
0
0
0
0
0
0
0
0
0
0
0
0
0
0
0
0
0
0
0
0
0
0
0
0
0
0
0
10000
11
10000
2012979198
10000
16374
16378
16366
16388
16376
16381
16374
16389
16367
16382
16386
16377
16367
16362
16391
16376
16365
16385
16382
16361
16382
16361
16365
16382
16369
16383
16362
16372
16377
16382
16380
0
0
0
0
0
0
0
0
0
0
0
0
0
0
0
0
0
0
0
0
0
0
0
0
0
0
0
0
0
10000
12
10000
2013713446
10000
16063
16054
16056
16086
16079
16060
16059
16072
16048
16042
16063
16066
16078
16064
16100
16058
16061
16070
16076
16063
16068
16046
16082
16064
16049
16061
16065
16052
16078
16077
16070
0
0
0
0
0
0
0
0
0
0
0
0
0
0
0
0
0
0
0
0
0
0
0
0
0
0
0
0
0
10000
11
10000
2017154711
10000
16358
16381
16376
16375
16370
16381
16365
16353
16389
16360
16373
16384
16363
16375
16377
16376
16386
16363
16376
16374
16374
16379
16368
16372
16387
16385
16359
16383
16374
16360
16369
16376
16377
16374
16370
16383
16380
16380
16376
16360
16369
0
0
0
0
0
0
0
0
0
0
0
0
0
0
0
0
0
0
0
10000
12
10000
2017887935
10000
16056
16062
16067
16066
16072
16071
16057
16059
16069
16064
16067
16069
16070
16056
16064
16066
16048
16060
16067
16046
16061
16071
16056
16076
16074
16077
16063
16060
16035
16073
16061
16065
16060
16059
16053
16067
16037
16065
16050
16056
16105
0
0
0
0
0
0
0
0
0
0
0
0
0
0
0
0
0
0
0
10000
11
10000
2020342684
10000
16383
16381
16367
16388
16369
16385
16353
16355
16397
16363
16379
16397
16381
16384
16352
16382
16388
16368
16367
16379
16430
16358
16485
16241
16485
16382
16380
16335
16326
16410
16385
0
0
0
0
0
0
0
0
0
0
0
0
0
0
0
0
0
0
0
0
0
0
0
0
0
0
0
0
0
10000
12
10000
2022072239
10000
16072
16047
16071
15984
16029
16028
16034
16057
16038
16026
16080
16048
16054
16177
16118
16035
16053
16066
16057
16044
16048
16043
16076
16035
16077
16031
16053
16037
16049
16029
16060
16043
16059
16066
16073
16057
16062
16055
16046
16049
16070
0
0
0
0
0
0
0
0
0
0
0
0
0
0
0
0
0
0
0
10000
11
10000
2026496968
10000
16358
16343
16409
16352
16356
16393
16358
16362
16382
16364
16367
16372
16375
16384
16369
16376
16386
16365
16391
16389
16361
16385
16386
16370
16380
16375
16366
16376
16386
16366
16391
16375
16366
16380
16377
16369
16365
16369
16382
16367
16372
16374
16383
16382
16375
16367
16382
16381
16361
16355
16351
16394
16355
16363
16377
16378
16395
16365
16385
16379
10000
12
10000
2028215713
10000
16053
16078
16073
16042
16065
16061
16050
16072
16050
16064
16055
16057
16060
16046
16036
16053
16047
16053
16063
16059
16078
16056
16049
16069
16059
16031
16073
16048
16062
16070
16075
16070
16066
16049
16042
16080
16065
16070
16055
16042
16081
16063
16059
16057
16060
16059
16063
16059
16079
16074
16060
16070
16060
16062
16069
16042
16060
16091
16064
16073
10000
11
10000
2031657104
10000
16380
16362
16369
16383
16373
16355
16384
16366
16358
16386
16369
16365
16386
16362
16365
16388
16363
16370
16370
16380
16379
16374
16380
16379
16377
16372
16374
16369
16383
16376
16365
16377
16384
16361
16377
16390
16348
16389
16387
16369
16367
16393
16354
16389
16381
16369
16385
16371
16393
16367
16377
0
0
0
0
0
0
0
0
0
10000
12
10000
2032390328
10000
16068
16064
16060
16084
16065
16069
16068
16054
16061
16053
16055
16066
16061
16059
16053
16043
16065
16047
16064
16065
16054
16068
16068
16060
16070
16063
16078
16093
16094
16082
16092
16101
16090
16073
16069
16053
16077
16072
16062
16078
16076
0
0
0
0
0
0
0
0
0
0
0
0
0
0
0
0
0
0
0
10000
11
10000
2034845048
10000
16380
16375
16375
16377
16378
16382
16376
16385
16381
16368
16372
16379
16367
16370
16395
16364
16368
16363
16388
16383
16371
16380
16375
16384
16375
16374
16380
16379
16368
16376
16390
0
0
0
0
0
0
0
0
0
0
0
0
0
0
0
0
0
0
0
0
0
0
0
0
0
0
0
0
0
10000
12
10000
2035578267
10000
16083
16083
16082
16069
16080
16077
16048
16077
16069
16078
16067
16051
16062
16070
16057
16061
16082
16065
16080
16070
16050
16080
16070
16050
16065
16064
16057
16064
16063
16060
16061
0
0
0
0
0
0
0
0
0
0
0
0
0
0
0
0
0
0
0
0
0
0
0
0
0
0
0
0
0
10000
11
10000
2038033063
10000
16387
16393
16371
16373
16371
16397
16368
16375
16378
16378
16395
16377
16387
16381
16359
16391
16391
16353
16389
16386
16360
16370
16382
16358
16388
16394
16342
16400
16407
16347
16361
0
0
0
0
0
0
0
0
0
0
0
0
0
0
0
0
0
0
0
0
0
0
0
0
0
0
0
0
0
10000
12
10000
2038768270
10000
16066
16065
16076
16063
16072
16055
16045
16063
16057
16058
16078
16081
16067
16075
16051
16064
16086
16090
16043
16058
16057
16042
16072
16080
16047
16061
16069
16034
16079
16064
16062
0
0
0
0
0
0
0
0
0
0
0
0
0
0
0
0
0
0
0
0
0
0
0
0
0
0
0
0
0
10000
11
10000
2041223365
10000
16377
16347
16400
16351
16366
16373
16363
16358
16369
16375
16386
16361
16399
16388
16386
16369
16364
16389
16364
16388
16376
16361
16370
16366
16368
16369
16381
16372
16356
16392
16382
0
0
0
0
0
0
0
0
0
0
0
0
0
0
0
0
0
0
0
0
0
0
0
0
0
0
0
0
0
10000
12
10000
2041956915
10000
16049
16090
16094
16081
16117
16076
16075
16068
16063
16062
16095
16104
16082
16093
16052
16057
16076
16048
16051
16050
16047
16067
16032
16059
16094
16046
16067
16047
16035
16067
16050
0
0
0
0
0
0
0
0
0
0
0
0
0
0
0
0
0
0
0
0
0
0
0
0
0
0
0
0
0
10000
11
10000
2044412312
10000
16373
16383
16361
16382
16354
16376
16370
16368
16366
16371
16358
16372
16374
16374
16363
16373
16377
16369
16390
16406
16313
16403
16362
16385
16359
16347
16391
16350
16355
16384
16373
0
0
0
0
0
0
0
0
0
0
0
0
0
0
0
0
0
0
0
0
0
0
0
0
0
0
0
0
0
10000
12
10000
2045145748
10000
16073
16042
16077
16090
16045
16077
16054
16053
16061
16041
16069
16023
16046
16107
16036
16132
16025
16075
16059
16040
16073
16046
16038
16072
16044
16047
16085
16043
16072
16058
16083
0
0
0
0
0
0
0
0
0
0
0
0
0
0
0
0
0
0
0
0
0
0
0
0
0
0
0
0
0
10000
11
10000
2047601023
10000
16369
16396
16374
16393
16359
16376
16385
16366
16376
16371
16379
16370
16365
16376
16359
16363
16382
16345
16370
16392
16363
16365
16379
16369
16380
16387
16369
16382
16382
16370
16371
0
0
0
0
0
0
0
0
0
0
0
0
0
0
0
0
0
0
0
0
0
0
0
0
0
0
0
0
0
10000
12
10000
2048335333
10000
16047
16069
16055
16048
16072
16064
16060
16069
16057
16062
16069
16066
16080
16085
16058
16072
16068
16051
16071
16063
16057
16055
16060
16058
16060
16071
16067
16062
16057
16073
16070
0
0
0
0
0
0
0
0
0
0
0
0
0
0
0
0
0
0
0
0
0
0
0
0
0
0
0
0
0
10000
11
10000
2050790497
10000
16372
16363
16371
16381
16379
16370
16375
16377
16368
16379
16367
16378
16369
16366
16383
16371
16371
16375
16369
16371
16376
16374
16369
16385
16374
16366
16394
16376
16365
16385
16383
0
0
0
0
0
0
0
0
0
0
0
0
0
0
0
0
0
0
0
0
0
0
0
0
0
0
0
0
0
10000
12
10000
2051523791
10000
16057
16066
16063
16051
16056
16064
16062
16073
16075
16059
16073
16073
16049
16065
16065
16070
16064
16062
16051
16079
16059
16064
16070
16070
16061
16063
16066
16070
16055
16056
16062
0
0
0
0
0
0
0
0
0
0
0
0
0
0
0
0
0
0
0
0
0
0
0
0
0
0
0
0
0
10000
11
10000
2053977871
10000
16382
16359
16389
16371
16372
16396
16395
16361
16388
16381
16358
16381
16389
16356
16384
16381
16363
16385
16384
16370
16378
16384
16357
16375
16384
16379
16382
16365
16373
16374
16366
0
0
0
0
0
0
0
0
0
0
0
0
0
0
0
0
0
0
0
0
0
0
0
0
0
0
0
0
0
10000
12
10000
2054710174
10000
16065
16059
16073
16078
16059
16077
16065
16065
16065
16051
16037
16080
16042
16055
16070
16057
16062
16073
16070
16053
16077
16070
16065
16078
16065
16077
16059
16066
16057
16066
16073
0
0
0
0
0
0
0
0
0
0
0
0
0
0
0
0
0
0
0
0
0
0
0
0
0
0
0
0
0
10000
11
10000
2057166090
10000
16378
16378
16364
16362
16375
16368
16361
16387
16358
16372
16372
16376
16389
16378
16377
16378
16380
16353
16350
16392
16377
16376
16390
16361
16361
16394
16359
16356
16387
16351
16361
0
0
0
0
0
0
0
0
0
0
0
0
0
0
0
0
0
0
0
0
0
0
0
0
0
0
0
0
0
