10000
12
10000
1045131788
10000
16070
16041
16054
16056
16057
16069
16057
16067
16061
16073
16056
16058
16058
16067
16049
16056
16052
16051
16062
16071
16069
16058
16054
16064
16065
16051
16051
16050
16054
16061
16052
0
0
0
0
0
0
0
0
0
0
0
0
0
0
0
0
0
0
0
0
0
0
0
0
0
0
0
0
0
10000
11
10000
1047586761
10000
16344
16381
16376
16340
16377
16385
16340
16377
16378
16353
16385
16377
16362
16371
16372
16349
16366
16371
16357
16371
16359
16364
16360
16356
16362
16366
16345
16370
16350
16344
16354
0
0
0
0
0
0
0
0
0
0
0
0
0
0
0
0
0
0
0
0
0
0
0
0
0
0
0
0
0
10000
12
10000
1048319891
10000
16079
16065
16060
16076
16063
16085
16072
16066
16062
16053
16056
16055
16079
16055
16065
16055
16066
16052
16053
16063
16060
16054
16074
16052
16060
16066
16052
16072
16073
16061
16048
0
0
0
0
0
0
0
0
0
0
0
0
0
0
0
0
0
0
0
0
0
0
0
0
0
0
0
0
0
10000
11
10000
1050775655
10000
16362
16342
16352
16371
16356
16341
16389
16337
16347
16382
16349
16346
16373
16354
16339
16372
16346
16344
16371
16336
16344
16380
16336
16352
16382
16357
16355
16371
16347
16349
16353
0
0
0
0
0
0
0
0
0
0
0
0
0
0
0
0
0
0
0
0
0
0
0
0
0
0
0
0
0
10000
12
10000
1051508851
10000
16073
16067
16057
16059
16061
16066
16060
16064
16065
16062
16065
16060
16061
16060
16045
16068
16055
16054
16055
16066
16069
16062
16066
16062
16060
16068
16066
16050
16055
16056
16071
0
0
0
0
0
0
0
0
0
0
0
0
0
0
0
0
0
0
0
0
0
0
0
0
0
0
0
0
0
10000
11
10000
1053963637
10000
16361
16347
16352
16365
16363
16359
16369
16356
16359
16370
16355
16359
16368
16353
16362
16349
16375
16364
16351
16373
16374
16342
16375
16375
16337
16377
16379
16346
16381
16392
16385
0
0
0
0
0
0
0
0
0
0
0
0
0
0
0
0
0
0
0
0
0
0
0
0
0
0
0
0
0
10000
12
10000
1054696819
10000
16055
16067
16070
16053
16063
16069
16055
16073
16055
16068
16056
16059
16057
16054
16063
16073
16060
16062
16063
16066
16075
16074
16065
16067
16063
16058
16070
16062
16065
16059
16078
0
0
0
0
0
0
0
0
0
0
0
0
0
0
0
0
0
0
0
0
0
0
0
0
0
0
0
0
0
10000
11
10000
1057150573
10000
16354
16379
16395
16334
16381
16375
16344
16379
16388
16335
16381
16375
16349
16384
16379
16355
16366
16377
16340
16372
16368
16351
16377
16367
16362
16372
16367
16356
16355
16354
16362
0
0
0
0
0
0
0
0
0
0
0
0
0
0
0
0
0
0
0
0
0
0
0
0
0
0
0
0
0
10000
11
10000
1060337552
10000
16362
16355
16349
16378
16359
16350
16372
16349
16350
16366
16354
16352
16372
16353
16335
16383
16352
16341
16386
16336
16344
16369
16348
16350
16376
16348
16341
16373
16328
16344
16339
0
0
0
0
0
0
0
0
0
0
0
0
0
0
0
0
0
0
0
0
0
0
0
0
0
0
0
0
0
10000
12
10000
1061070650
10000
16053
16047
16058
16049
16052
16058
16062
16056
16054
16054
16052
16054
16044
16050
16045
16044
16055
16037
16044
16045
16039
16044
16054
16029
16047
16051
16054
16046
16043
16049
16044
0
0
0
0
0
0
0
0
0
0
0
0
0
0
0
0
0
0
0
0
0
0
0
0
0
0
0
0
0
10000
11
10000
1063525355
10000
16372
16356
16337
16379
16348
16355
16378
16354
16349
16382
16346
16353
16369
16359
16365
16366
16361
16353
16366
16363
16357
16364
16375
16369
16359
16371
16367
16354
16368
16370
16390
0
0
0
0
0
0
0
0
0
0
0
0
0
0
0
0
0
0
0
0
0
0
0
0
0
0
0
0
0
10000
12
10000
1064259513
10000
16048
16055
16036
16038
16045
16053
16050
16049
16041
16041
16057
16049
16050
16050
16045
16050
16041
16039
16043
16049
16059
16052
16043
16048
16054
16052
16050
16049
16046
16049
16043
0
0
0
0
0
0
0
0
0
0
0
0
0
0
0
0
0
0
0
0
0
0
0
0
0
0
0
0
0
10000
11
10000
1066713251
10000
16346
16382
16369
16355
16376
16378
16349
16392
16374
16340
16384
16377
16345
16377
16385
16337
16371
16383
16337
16370
16367
16346
16384
16370
16355
16363
16378
16358
16378
16372
16377
0
0
0
0
0
0
0
0
0
0
0
0
0
0
0
0
0
0
0
0
0
0
0
0
0
0
0
0
0
10000
12
10000
1067446416
10000
16040
16043
16035
16059
16055
16053
16037
16039
16047
16040
16056
16043
16046
16031
16044
16052
16034
16060
16046
16052
16057
16052
16046
16056
16039
16048
16052
16044
16059
16053
16061
0
0
0
0
0
0
0
0
0
0
0
0
0
0
0
0
0
0
0
0
0
0
0
0
0
0
0
0
0
10000
11
10000
1069902267
10000
16356
16372
16370
16356
16372
16368
16354
16373
16359
16360
16364
16359
16361
16356
16351
16364
16367
16354
16362
16346
16355
16375
16347
16351
16365
16369
16341
16376
16349
16354
16342
0
0
0
0
0
0
0
0
0
0
0
0
0
0
0
0
0
0
0
10000
12
10000
1070636347
10000
16048
16055
16063
16060
16062
16050
16056
16059
16055
16054
16043
16061
16044
16050
16052
16054
16053
16063
16051
16059
16055
16064
16059
16064
16064
16072
16066
16073
16049
16059
16070
0
0
0
0
0
0
0
0
0
0
0
0
0
0
0
0
0
0
0
0
0
0
0
0
0
0
0
0
0
10000
11
10000
1073091221
10000
16379
16349
16339
16378
16346
16345
16382
16342
16365
16372
16352
16345
16387
16340
16342
16378
16349
16343
16378
16355
16352
16373
16345
16365
16363
16353
16356
16364
16367
16364
16371
0
0
0
0
0
0
0
0
0
0
0
0
0
0
0
0
0
0
0
0
0
0
0
0
0
0
0
0
0
10000
12
10000
1073824335
10000
16063
16083
16062
16066
16080
16076
16065
16064
16071
16056
16060
16056
16057
16068
16054
16065
16051
16066
16070
16066
16068
16078
16076
16059
16077
16073
16068
16073
16072
16083
16056
0
0
0
0
0
0
0
0
0
0
0
0
0
0
0
0
0
0
0
0
0
0
0
0
0
0
0
0
0
10000
11
10000
1076277986
10000
16356
16379
16367
16349
16369
16360
16362
16367
16373
16351
16386
16379
16350
16376
16381
16352
16362
16360
16349
16371
16373
16346
16373
16371
16352
16387
16379
16343
16381
16372
16381
0
0
0
0
0
0
0
0
0
0
0
0
0
0
0
0
0
0
0
0
0
0
0
0
0
0
0
0
0
10000
12
10000
1077012140
10000
16068
16054
16070
16057
16063
16081
16065
16068
16066
16058
16055
16061
16052
16064
16064
16064
16063
16057
16063
16065
16063
16054
16070
16071
16065
16058
16058
16074
16053
16060
16051
0
0
0
0
0
0
0
0
0
0
0
0
0
0
0
0
0
0
0
0
0
0
0
0
0
0
0
0
0
10000
11
10000
1079467870
10000
16354
16374
16386
16343
16365
16367
16357
16367
16368
16353
16371
16356
16352
16358
16363
16363
16361
16371
16351
16366
16366
16363
16362
16357
16374
16368
16354
16365
16365
16357
16351
0
0
0
0
0
0
0
0
0
0
0
0
0
0
0
0
0
0
0
0
0
0
0
0
0
0
0
0
0
10000
12
10000
1080200966
10000
16068
16064
16072
16056
16072
16053
16054
16053
16062
16060
16072
16069
16061
16063
16068
16065
16067
16068
16068
16065
16073
16066
16073
16063
16069
16067
16065
16062
16068
16074
16076
0
0
0
0
0
0
0
0
0
0
0
0
0
0
0
0
0
0
0
0
0
0
0
0
0
0
0
0
0
10000
11
10000
1082656875
10000
16368
16359
16357
16380
16361
16356
16368
16341
16350
16367
16339
16347
16376
16347
16345
16375
16361
16348
16370
16355
16350
16377
16354
16348
16375
16343
16345
16374
16358
16348
16355
0
0
0
0
0
0
0
0
0
0
0
0
0
0
0
0
0
0
0
0
0
0
0
0
0
0
0
0
0
10000
12
10000
1083389968
10000
16064
16079
16068
16068
16072
16050
16056
16073
16070
16079
16052
16065
16081
16065
16066
16058
16064
16060
16070
16060
16073
16068
16050
16073
16069
16069
16069
16070
16055
16080
16082
0
0
0
0
0
0
0
0
0
0
0
0
0
0
0
0
0
0
0
0
0
0
0
0
0
0
0
0
0
10000
11
10000
1085844743
10000
16375
16355
16354
16365
16360
16357
16363
16359
16353
16369
16366
16374
16358
16374
16357
16345
16368
16372
16355
16363
16363
16360
16378
16372
16360
16364
16373
16358
16367
16382
16396
0
0
0
0
0
0
0
0
0
0
0
0
0
0
0
0
0
0
0
0
0
0
0
0
0
0
0
0
0
10000
12
10000
1086578947
10000
16061
16064
16084
16063
16071
16064
16061
16067
16074
16055
16058
16057
16056
16062
16055
16056
16070
16065
16061
16046
16056
16073
16058
16049
16076
16062
16061
16070
16061
16060
16056
0
0
0
0
0
0
0
0
0
0
0
0
0
0
0
0
0
0
0
0
0
0
0
0
0
0
0
0
0
10000
11
10000
1089033738
10000
16347
16374
16370
16350
16370
16377
16363
16367
16347
16356
16376
16368
16359
16368
16377
16346
16369
16367
16348
16379
16361
16358
16374
16367
16354
16376
16367
16369
16348
16367
16350
0
0
0
0
0
0
0
0
0
0
0
0
0
0
0
0
0
0
0
0
0
0
0
0
0
0
0
0
0
10000
12
10000
1089766842
10000
16069
16060
16056
16065
16062
16059
16069
16069
16063
16055
16063
16058
16059
16067
16057
16051
16070
16048
16051
16060
16060
16059
16076
16053
16078
16071
16057
16082
16064
16072
16075
0
0
0
0
0
0
0
0
0
0
0
0
0
0
0
0
0
0
0
0
0
0
0
0
0
0
0
0
0
10000
11
10000
1092225676
10000
16369
16361
16348
16366
16361
16352
16362
16357
16365
16370
16347
16349
16366
16355
16347
16375
16357
16350
16369
16355
16349
16368
16343
16365
16372
16348
16360
16370
16356
16354
16352
0
0
0
0
0
0
0
0
0
0
0
0
0
0
0
0
0
0
0
0
0
0
0
0
0
0
0
0
0
10000
12
10000
1092958876
10000
16074
16059
16063
16074
16075
16069
16070
16079
16071
16066
16065
16068
16066
16059
16076
16061
16050
16069
16060
16063
16076
16057
16046
16054
16055
16071
16061
16052
16058
16065
16080
0
0
0
0
0
0
0
0
0
0
0
0
0
0
0
0
0
0
0
0
0
0
0
0
0
0
0
0
0
10000
11
10000
1095413610
10000
16370
16354
16354
16363
16354
16369
16369
16366
16348
16372
16349
16349
16356
16355
16364
16357
16367
16371
16358
16362
16362
16360
16372
16366
16342
16362
16366
16351
16372
16365
16378
0
0
0
0
0
0
0
0
0
0
0
0
0
0
0
0
0
0
0
0
0
0
0
0
0
0
0
0
0
10000
12
10000
1096146778
10000
16078
16051
16055
16045
16049
16053
16039
16052
16062
16066
16051
16070
16061
16054
16046
16046
16053
16068
16050
16059
16065
16073
16047
16063
16060
16053
16062
16060
16043
16050
16058
0
0
0
0
0
0
0
0
0
0
0
0
0
0
0
0
0
0
0
0
0
0
0
0
0
0
0
0
0
10000
11
10000
1098600713
10000
16351
16362
16367
16352
16350
16375
16360
16372
16373
16363
16371
16371
16364
16361
16368
16359
16368
16365
16356
16370
16365
16373
16359
16361
16363
16369
16366
16367
16359
16369
16374
0
0
0
0
0
0
0
0
0
0
0
0
0
0
0
0
0
0
0
0
0
0
0
0
0
0
0
0
0
10000
12
10000
1099333755
10000
16055
16044
16046
16052
16059
16046
16048
16063
16040
16053
16054
16050
16053
16044
16054
16057
16049
16055
16068
16032
16049
16069
16052
16062
16071
16053
16063
16071
16064
16057
16061
0
0
0
0
0
0
0
0
0
0
0
0
0
0
0
0
0
0
0
0
0
0
0
0
0
0
0
0
0
10000
11
10000
1102784031
10000
16362
16370
16355
16363
16366
16361
16361
16354
16361
16368
16364
16352
16375
16364
16356
16369
16357
16356
16364
16361
16372
16362
16356
16357
16358
16357
16355
16374
16356
16366
16373
16359
16353
16375
16340
16352
16366
16350
16355
16356
16353
0
0
0
0
0
0
0
0
0
10000
12
10000
1103517206
10000
16057
16059
16061
16065
16060
16066
16063
16067
16075
16050
16067
16054
16061
16067
16046
16060
16061
16054
16071
16061
16056
16063
16070
16046
16049
16062
16045
16070
16055
16055
16058
16066
16054
16054
16067
16044
16058
16070
16052
16049
16041
0
0
0
0
0
0
0
0
0
0
0
0
0
0
0
0
0
0
0
10000
11
10000
1105973059
10000
16350
16366
16362
16361
16369
16361
16360
16371
16368
16357
16358
16367
16364
16357
16360
16352
16368
16354
16366
16366
16348
16371
16360
16368
16367
16355
16359
16363
16345
16364
16347
0
0
0
0
0
0
0
0
0
0
0
0
0
0
0
0
0
0
0
0
0
0
0
0
0
0
0
0
0
10000
12
10000
1107691741
10000
16060
16058
16057
16055
16044
16037
16057
16035
16049
16059
16046
16040
16054
16046
16050
16052
16050
16053
16047
16041
16055
16054
16058
16062
16058
16050
16053
16061
16063
16074
16050
16048
16063
16045
16048
16068
16053
16051
16068
16051
0
0
0
0
0
0
0
0
0
0
0
0
0
0
0
0
0
0
0
0
10000
11
10000
1110148514
10000
16366
16365
16362
16363
16372
16353
16368
16370
16355
16368
16355
16357
16370
16370
16357
16364
16368
16353
16367
16364
16362
16359
16368
16359
16363
16361
16368
16364
16364
16364
16368
16355
16359
16353
16368
16361
16360
16356
16364
16356
16359
0
0
0
0
0
0
0
0
0
0
0
0
0
0
0
0
0
0
0
10000
12
10000
1110883345
10000
16076
16062
16064
16066
16076
16067
16066
16069
16061
16070
16065
16076
16060
16070
16068
16071
16070
16067
16073
16077
16078
16063
16075
16074
16069
16069
16062
16057
16061
16080
16064
16059
0
0
0
0
0
0
0
0
0
0
0
0
0
0
0
0
0
0
0
0
0
0
0
0
0
0
0
0
10000
11
10000
1113337622
10000
16366
16359
16353
16362
16350
16369
16365
16359
16366
16361
16366
16366
16361
16374
16362
16363
16371
16363
16369
16364
16368
16370
16370
16367
16357
16369
16362
16377
16353
16368
16371
0
0
0
0
0
0
0
0
0
0
0
0
0
0
0
0
0
0
0
0
0
0
0
0
0
0
0
0
0
10000
12
10000
1114070794
10000
16054
16063
16055
16069
16077
16060
16072
16049
16055
16059
16057
16054
16059
16057
16047
16042
16065
16065
16031
16052
16052
16050
16053
16053
16065
16058
16058
16062
16069
16055
16052
0
0
0
0
0
0
0
0
0
0
0
0
0
0
0
0
0
0
0
0
0
0
0
0
0
0
0
0
0
10000
11
10000
1116524539
10000
16358
16360
16369
16354
16355
16350
16359
16350
16366
16363
16366
16367
16359
16363
16365
16348
16357
16358
16358
16364
16362
16349
16346
16364
16357
16363
16373
16359
16359
16369
16367
0
0
0
0
0
0
0
0
0
0
0
0
0
0
0
0
0
0
0
0
0
0
0
0
0
0
0
0
0
10000
12
10000
1117258731
10000
16069
16063
16064
16053
16066
16048
16081
16062
16079
16046
16059
16055
16054
16052
16067
16056
16058
16073
16057
16066
16058
16057
16080
16066
16062
16062
16071
16063
16066
16062
16057
0
0
0
0
0
0
0
0
0
0
0
0
0
0
0
0
0
0
0
0
0
0
0
0
0
0
0
0
0
10000
11
10000
1119712643
10000
16361
16363
16360
16375
16367
16357
16357
16363
16356
16353
16368
16358
16381
16367
16367
16366
16373
16357
16353
16363
16355
16358
16365
16358
16371
16362
16352
16374
16367
16360
16346
0
0
0
0
0
0
0
0
0
0
0
0
0
0
0
0
0
0
0
0
0
0
0
0
0
0
0
0
0
10000
12
10000
1120445917
10000
16041
16057
16058
16056
16058
16065
16053
16052
16062
16050
16057
16057
16043
16046
16050
16060
16040
16068
16037
16044
16051
16034
16027
16058
16042
16025
16051
16054
16035
16055
16048
0
0
0
0
0
0
0
0
0
0
0
0
0
0
0
0
0
0
0
0
0
0
0
0
0
0
0
0
0
10000
11
10000
1122900637
10000
16376
16380
16356
16361
16360
16365
16367
16370
16360
16364
16379
16351
16372
16369
16356
16372
16368
16356
16362
16374
16353
16370
16363
16360
16358
16364
16357
16362
16357
16367
16357
0
0
0
0
0
0
0
0
0
0
0
0
0
0
0
0
0
0
0
0
0
0
0
0
0
0
0
0
0
10000
12
10000
1123633936
10000
16031
16038
16056
16047
16050
16044
16051
16043
16053
16049
16058
16042
16061
16046
16050
16045
16047
16040
16051
16042
16043
16052
16048
16036
16042
16052
16047
16069
16034
16042
16046
0
0
0
0
0
0
0
0
0
0
0
0
0
0
0
0
0
0
0
0
0
0
0
0
0
0
0
0
0
10000
11
10000
1126089730
10000
16359
16352
16367
16353
16354
16362
16360
16369
16364
16359
16350
16373
16363
16361
16358
16343
16350
16369
16351
16358
16367
16369
16355
16362
16355
16356
16363
16354
16360
16370
16381
0
0
0
0
0
0
0
0
0
0
0
0
0
0
0
0
0
0
0
0
0
0
0
0
0
0
0
0
0
10000
12
10000
1126823031
10000
16045
16044
16052
16043
16045
16052
16033
16050
16045
16043
16057
16061
16041
16048
16048
16058
16054
16031
16053
16066
16056
16064
16073
16041
16065
16058
16040
16059
16053
16030
16044
0
0
0
0
0
0
0
0
0
0
0
0
0
0
0
0
0
0
0
0
0
0
0
0
0
0
0
0
0
10000
11
10000
1129277662
10000
16354
16355
16375
16346
16366
16368
16356
16354
16363
16365
16365
16367
16369
16358
16351
16365
16362
16374
16363
16370
16359
16367
16371
16361
16378
16368
16346
16373
16369
16362
16358
0
0
0
0
0
0
0
0
0
0
0
0
0
0
0
0
0
0
0
0
0
0
0
0
0
0
0
0
0
10000
12
10000
1130010882
10000
16056
16056
16056
16043
16053
16048
16054
16048
16063
16048
16050
16060
16060
16056
16067
16038
16054
16062
16040
16069
16076
16052
16052
16040
16051
16062
16038
16046
16045
16040
16047
0
0
0
0
0
0
0
0
0
0
0
0
0
0
0
0
0
0
0
0
0
0
0
0
0
0
0
0
0
