10000
12
10000
2759636267
10000
16053
16071
16057
16048
16030
16061
16054
16080
16055
16071
16052
16080
16042
16055
16060
16069
16056
16072
16057
16053
16052
16046
16038
16063
16053
16054
16043
16053
16057
16086
16085
0
0
0
0
0
0
0
0
0
0
0
0
0
0
0
0
0
0
0
0
0
0
0
0
0
0
0
0
0
10000
11
10000
2763088688
10000
16368
16374
16399
16368
16380
16367
16385
16378
16384
16385
16375
16379
16389
16383
16392
16361
16378
16388
16377
16380
16382
16365
16381
16381
16382
16386
16382
16393
16380
16374
16370
16373
16394
16365
16372
16382
16378
16379
16379
16384
16371
0
0
0
0
0
0
0
0
0
0
0
0
0
0
0
0
0
0
0
10000
12
10000
2764807137
10000
16057
16071
16065
16059
16061
16059
16058
16074
16055
16062
16076
16057
16064
16064
16062
16062
16059
16053
16062
16055
16069
16076
16060
16070
16085
16070
16074
16069
16058
16081
16058
16063
16062
16051
16061
16071
16076
16059
16068
16080
16071
16081
16069
16076
16070
16074
16101
16059
16079
16073
0
0
0
0
0
0
0
0
0
0
10000
11
10000
2767261994
10000
16384
16373
16383
16383
16381
16371
16393
16372
16386
16391
16381
16387
16404
16368
16394
16380
16370
16379
16375
16373
16389
16382
16369
16397
16390
16387
16376
16384
16386
16386
16379
16372
16387
16379
16390
16376
16361
16393
16374
16370
0
0
0
0
0
0
0
0
0
0
0
0
0
0
0
0
0
0
0
0
10000
12
10000
2767994143
10000
16068
16069
16071
16064
16068
16065
16067
16050
16072
16067
16059
16068
16056
16076
16063
16068
16062
16068
16059
16063
16067
16072
16057
16070
16071
16072
16070
16079
16072
16084
16073
16055
0
0
0
0
0
0
0
0
0
0
0
0
0
0
0
0
0
0
0
0
0
0
0
0
0
0
0
0
10000
11
10000
2770450324
10000
16370
16388
16375
16374
16387
16377
16371
16376
16368
16382
16382
16375
16382
16382
16382
16362
16392
16381
16379
16383
16388
16387
16378
16375
16386
16379
16372
16392
16364
16393
16375
16392
0
0
0
0
0
0
0
0
0
0
0
0
0
0
0
0
0
0
0
0
0
0
0
0
0
0
0
0
10000
12
10000
2771184252
10000
16069
16080
16069
16055
16075
16061
16061
16085
16061
16049
16074
16061
16067
16067
16062
16064
16064
16066
16061
16059
16065
16077
16058
16065
16065
16066
16073
16067
16065
16059
16055
0
0
0
0
0
0
0
0
0
0
0
0
0
0
0
0
0
0
0
0
0
0
0
0
0
0
0
0
0
10000
11
10000
2773638349
10000
16383
16375
16386
16361
16382
16378
16390
16375
16378
16393
16390
16381
16387
16364
16387
16380
16379
16380
16371
16385
16363
16379
16388
16373
16383
16401
16380
16370
16376
16381
16378
0
0
0
0
0
0
0
0
0
0
0
0
0
0
0
0
0
0
0
0
0
0
0
0
0
0
0
0
0
10000
12
10000
2774372447
10000
16045
16053
16062
16043
16058
16065
16055
16062
16061
16047
16075
16063
16059
16056
16076
16063
16060
16063
16060
16055
16057
16066
16051
16071
16065
16052
16050
16079
16053
16062
16066
0
0
0
0
0
0
0
0
0
0
0
0
0
0
0
0
0
0
0
0
0
0
0
0
0
0
0
0
0
10000
11
10000
2776828504
10000
16368
16385
16364
16375
16388
16368
16377
16377
16375
16371
16381
16369
16378
16370
16381
16390
16371
16394
16373
16377
16376
16385
16377
16380
16387
16383
16375
16379
16375
16387
16382
0
0
0
0
0
0
0
0
0
0
0
0
0
0
0
0
0
0
0
0
0
0
0
0
0
0
0
0
0
10000
12
10000
2777561498
10000
16082
16057
16078
16079
16060
16074
16080
16075
16079
16083
16064
16071
16077
16083
16085
16072
16097
16089
16086
16084
16066
16060
16076
16064
16080
16073
16055
16095
16070
16080
16086
0
0
0
0
0
0
0
0
0
0
0
0
0
0
0
0
0
0
0
0
0
0
0
0
0
0
0
0
0
10000
11
10000
2780015615
10000
16388
16365
16382
16385
16373
16388
16377
16377
16389
16384
16374
16393
16389
16378
16386
16394
16373
16381
16385
16381
16373
16393
16365
16390
16372
16367
16390
16399
16364
16365
16391
0
0
0
0
0
0
0
0
0
0
0
0
0
0
0
0
0
0
0
0
0
0
0
0
0
0
0
0
0
10000
12
10000
2780748625
10000
16089
16063
16080
16089
16069
16081
16074
16069
16071
16086
16082
16084
16086
16076
16090
16079
16071
16068
16083
16088
16073
16063
16082
16083
16077
16100
16074
16057
16074
16090
16073
0
0
0
0
0
0
0
0
0
0
0
0
0
0
0
0
0
0
0
0
0
0
0
0
0
0
0
0
0
10000
12
10000
2783937837
10000
16053
16078
16071
16055
16096
16085
16076
16073
16081
16090
16084
16068
16072
16069
16073
16073
16057
16075
16071
16049
16088
16063
16086
16091
16065
16087
16087
16068
16066
16076
16083
0
0
0
0
0
0
0
0
0
0
0
0
0
0
0
0
0
0
0
0
0
0
0
0
0
0
0
0
0
10000
11
10000
2786391023
10000
16372
16392
16384
16379
16377
16385
16379
16368
16388
16377
16377
16369
16374
16392
16373
16371
16378
16395
16389
16381
16371
16393
16374
16385
16387
16384
16372
16391
16351
16378
16390
0
0
0
0
0
0
0
0
0
0
0
0
0
0
0
0
0
0
0
0
0
0
0
0
0
0
0
0
0
10000
12
10000
2787124167
10000
16060
16083
16080
16069
16072
16077
16060
16076
16066
16082
16074
16077
16088
16071
16083
16082
16070
16066
16085
16049
16084
16077
16053
16105
16084
16094
16075
16094
16074
16081
16081
0
0
0
0
0
0
0
0
0
0
0
0
0
0
0
0
0
0
0
0
0
0
0
0
0
0
0
0
0
10000
11
10000
2789579346
10000
16385
16396
16362
16381
16380
16385
16386
16360
16381
16376
16376
16384
16388
16374
16409
16398
16383
16391
16397
16377
16380
16384
16374
16393
16368
16379
16380
16370
16381
16377
16383
0
0
0
0
0
0
0
0
0
0
0
0
0
0
0
0
0
0
0
0
0
0
0
0
0
0
0
0
0
10000
12
10000
2790314385
10000
16076
16058
16086
16076
16069
16073
16078
16080
16081
16083
16069
16078
16069
16084
16079
16086
16082
16077
16084
16065
16065
16076
16074
16076
16080
16078
16067
16089
16066
16079
16062
0
0
0
0
0
0
0
0
0
0
0
0
0
0
0
0
0
0
0
0
0
0
0
0
0
0
0
0
0
10000
11
10000
2793755889
10000
16361
16394
16367
16379
16377
16368
16379
16378
16379
16384
16391
16372
16381
16384
16384
16368
16391
16376
16366
16384
16369
16380
16381
16362
16375
16382
16366
16374
16393
16383
16371
16384
16375
16367
16389
16376
16369
16387
16375
16386
16390
0
0
0
0
0
0
0
0
0
0
0
0
0
0
0
0
0
0
0
10000
12
10000
2795474610
10000
16082
16082
16073
16089
16070
16067
16073
16087
16083
16079
16074
16083
16058
16082
16065
16061
16067
16072
16073
16083
16056
16069
16065
16060
16086
16074
16078
16084
16074
16059
16083
16068
16071
16079
16084
16075
16079
16081
16082
16090
16070
16079
16067
16076
16099
16076
16094
16080
16080
16069
10000
11
10000
2799900192
10000
16411
16368
16383
16374
16387
16388
16386
16380
16368
16377
16393
16371
16379
16379
16382
16369
16387
16383
16370
16386
16368
16368
16378
16377
16379
16398
16367
16378
16387
16369
16364
16384
16371
16364
16397
16373
16365
16397
16376
16377
16395
16365
16353
16377
16383
16367
16383
16368
16372
16380
16366
16365
16393
16368
16377
16389
16378
16382
16380
16394
10000
12
10000
2801619727
10000
16067
16078
16090
16058
16071
16081
16074
16077
16085
16085
16076
16082
16087
16068
16077
16079
16063
16078
16065
16078
16072
16077
16078
16073
16080
16083
16068
16091
16068
16073
16088
16073
16065
16084
16073
16081
16078
16070
16076
16090
16069
16073
16097
16078
16079
16084
16080
16080
16073
16081
16072
16085
16094
16065
16085
16088
16075
16076
16067
16090
10000
11
10000
2806047534
10000
16384
16375
16380
16382
16376
16368
16380
16387
16371
16384
16384
16379
16359
16376
16381
16371
16399
16381
16373
16394
16375
16363
16387
16362
16364
16392
16368
16378
16384
16381
16366
16403
16367
16383
16382
16371
16367
16388
16370
16380
16387
16375
16368
16383
16374
16365
16392
16369
16376
16381
16377
16373
16377
16370
16389
16373
16397
16369
16373
16362
10000
12
10000
2807767125
10000
16062
16080
16073
16064
16080
16074
16067
16080
16079
16060
16080
16069
16061
16076
16059
16080
16057
16078
16075
16079
16086
16086
16065
16086
16093
16078
16096
16075
16079
16074
16069
16081
16096
16066
16070
16079
16083
16075
16076
16069
16067
16082
16087
16080
16086
16070
16072
16074
16079
16081
16071
16069
16068
16052
16068
16063
16048
16073
16070
16065
10000
11
10000
2812193110
10000
16363
16393
16367
16377
16389
16369
16357
16396
16376
16361
16411
16381
16369
16397
16364
16375
16386
16365
16373
16393
16368
16357
16397
16378
16368
16411
16361
16361
16399
16365
16370
16398
16372
16367
16391
16366
16365
16388
16378
16386
16397
16383
16373
16390
16377
16380
16365
16389
16383
16373
16389
16382
16370
16379
16399
16361
16389
16402
16364
16358
10000
12
10000
2813912624
10000
16068
16090
16072
16057
16088
16058
16063
16066
16069
16072
16076
16073
16060
16089
16074
16067
16073
16075
16072
16081
16072
16070
16050
16086
16065
16067
16068
16065
16084
16074
16068
16071
16074
16075
16068
16096
16069
16075
16069
16072
16068
16078
16081
16067
16081
16074
16076
16069
16095
16077
16078
16083
16071
16073
16085
16076
16077
16085
16081
16067
10000
11
10000
2820310583
10000
16398
16366
16375
16383
16371
16372
16375
16367
16374
16377
16381
16379
16379
16374
16389
16387
16373
16360
16363
16394
16379
16371
16383
16376
16361
16390
16362
16369
16384
16355
16364
16388
16369
16373
16395
16370
16355
16387
16369
16379
16395
16359
16364
16395
16359
16362
16403
16366
16359
16394
16400
16386
16370
16385
16393
16363
16394
16391
16370
16377
10000
12
10000
2822029100
10000
16060
16079
16083
16064
16097
16063
16075
16065
16072
16056
16082
16048
16077
16068
16064
16090
16084
16067
16075
16073
16056
16073
16074
16072
16069
16073
16070
16064
16076
16071
16072
16087
16100
16076
16067
16095
16071
16083
16089
16066
16082
16095
16066
16093
16090
16069
16083
16063
16087
16090
16085
16092
16083
16081
16091
16094
16099
16088
16099
16088
10000
11
10000
2826455846
10000
16377
16368
16380
16382
16375
16384
16383
16386
16371
16398
16377
16370
16397
16394
16372
16393
16410
16363
16382
16384
16380
16392
16389
16370
16395
16383
16359
16388
16388
16361
16407
16407
16369
16404
16414
16357
16396
16407
16359
16399
16398
16355
16397
16390
16373
16391
16387
16373
16392
16397
16381
16386
16386
16388
16370
16382
16388
16383
16380
16373
10000
12
10000
2828173372
10000
16084
16093
16091
16091
16087
16095
16086
16093
16084
16100
16083
16066
16091
16065
16064
16083
16082
16075
16093
16070
16083
16078
16067
16072
16071
16081
16091
16076
16077
16069
16082
16065
16074
16056
16085
16068
16049
16072
16074
16062
16102
16072
16072
16068
16068
16079
16077
16058
16057
16065
16073
16064
16077
16096
16078
16088
16083
16070
16075
16062
10000
11
10000
2832598062
10000
16387
16372
16390
16398
16389
16383
16391
16391
16366
16396
16398
16365
16389
16403
16357
16391
16393
16353
16402
16398
16358
16398
16400
16372
16395
16397
16367
16400
16413
16352
16405
16395
16353
16396
16399
16355
16413
16393
16364
16397
16391
16359
16383
16404
16368
16389
16381
16387
16369
16362
16375
16378
16389
16369
16383
16400
16361
16403
16373
16372
10000
12
10000
2834317713
10000
16067
16074
16073
16071
16061
16064
16083
16056
16068
16076
16059
16061
16061
16065
16054
16079
16072
16074
16092
16057
16084
16077
16063
16067
16077
16073
16062
16059
16066
16069
16059
16078
16068
16068
16082
16066
16062
16073
16064
16074
16075
16054
16075
16075
16065
16070
16082
16071
16092
16083
10000
11
10000
2836772603
10000
16383
16391
16368
16406
16409
16369
16390
16393
16361
16400
16416
16375
16397
16398
16348
16406
16403
16358
16408
16383
16362
16390
16408
16364
16407
16396
16368
16397
16388
16384
16379
16378
16384
16379
16397
16370
16385
16389
16372
16377
16371
0
0
0
0
0
0
0
0
0
0
0
0
0
0
0
0
0
0
0
10000
12
10000
2837505722
10000
16077
16065
16067
16081
16089
16086
16093
16076
16072
16077
16078
16080
16084
16079
16079
16087
16066
16079
16075
16068
16079
16088
16079
16072
16085
16067
16087
16071
16060
16059
16047
16056
0
0
0
0
0
0
0
0
0
0
0
0
0
0
0
0
0
0
0
0
0
0
0
0
0
0
0
0
10000
11
10000
2839960655
10000
16361
16382
16370
16395
16366
16370
16395
16393
16372
16390
16398
16360
16402
16408
16350
16406
16394
16359
16406
16405
16354
16409
16393
16359
16398
16401
16360
16399
16404
16354
16411
16402
0
0
0
0
0
0
0
0
0
0
0
0
0
0
0
0
0
0
0
0
0
0
0
0
0
0
0
0
10000
12
10000
2840694844
10000
16042
16054
16059
16058
16068
16080
16067
16054
16060
16060
16072
16077
16056
16067
16066
16054
16060
16070
16069
16067
16076
16060
16080
16084
16070
16071
16079
16069
16076
16073
16063
0
0
0
0
0
0
0
0
0
0
0
0
0
0
0
0
0
0
0
0
0
0
0
0
0
0
0
0
0
10000
11
10000
2843150604
10000
16351
16352
16404
16351
16350
16393
16366
16364
16397
16379
16365
16399
16366
16389
16377
16389
16376
16393
16388
16372
16373
16388
16382
16367
16396
16409
16361
16386
16397
16362
16381
0
0
0
0
0
0
0
0
0
0
0
0
0
0
0
0
0
0
0
0
0
0
0
0
0
0
0
0
0
10000
12
10000
2844879264
10000
16061
16063
16058
16074
16057
16071
16094
16079
16065
16090
16066
16069
16068
16060
16067
16051
16059
16046
16053
16047
16073
16067
16065
16067
16064
16059
16074
16068
16074
16079
16059
16079
16066
16062
16064
16054
16071
16075
16072
16080
16067
0
0
0
0
0
0
0
0
0
0
0
0
0
0
0
0
0
0
0
10000
11
10000
2849306728
10000
16389
16397
16380
16393
16413
16363
16402
16405
16363
16412
16393
16366
16400
16410
16348
16412
16410
16356
16393
16397
16355
16395
16393
16367
16391
16388
16368
16404
16391
16369
16393
16393
16353
16382
16383
16380
16369
16373
16380
16381
16382
16389
16382
16377
16396
16378
16382
16395
16363
16367
16363
16397
16356
16366
16392
16375
16360
16395
16360
16359
10000
12
10000
2851025474
10000
16047
16073
16077
16052
16059
16071
16058
16075
16076
16074
16079
16080
16077
16076
16078
16073
16064
16065
16074
16080
16066
16070
16082
16079
16087
16080
16087
16079
16064
16061
16074
16061
16084
16068
16074
16087
16066
16065
16078
16090
16066
16074
16082
16072
16070
16087
16069
16070
16073
16087
16081
16079
16085
16078
16079
16087
16068
16070
16085
16075
10000
11
10000
2855452440
10000
16366
16399
16366
16347
16396
16350
16361
16391
16368
16395
16403
16364
16404
16408
16347
16403
16395
16364
16386
16379
16382
16393
16391
16384
16372
16390
16388
16377
16380
16382
16382
16384
16380
16377
16375
16382
16376
16366
16392
16369
16359
16403
16346
16359
16407
16357
16356
16401
16357
16353
16357
16402
16356
16359
16401
16360
16358
16395
16366
16360
10000
12
10000
2857170561
10000
16065
16075
16097
16063
16077
16088
16079
16069
16076
16073
16077
16063
16070
16064
16076
16076
16077
16064
16083
16077
16068
16088
16077
16090
16084
16069
16072
16075
16074
16086
16081
16076
16089
16081
16068
16082
16079
16081
16074
16060
16068
16075
16081
16070
16073
16068
16070
16058
16077
16072
16082
16065
16072
16061
16060
16079
16060
16079
16067
16070
10000
11
10000
2861595471
10000
16400
16405
16357
16406
16413
16364
16401
16404
16353
16405
16404
16357
16393
16398
16369
16395
16388
16375
16391
16378
16384
16387
16382
16379
16387
16378
16384
16373
16368
16395
16382
16366
16402
16368
16359
16398
16357
16363
16396
16353
16366
16402
16368
16349
16411
16359
16358
16404
16350
16363
16361
16398
16359
16355
16399
16348
16361
16392
16361
16371
10000
12
10000
2863314205
10000
16058
16067
16076
16063
16078
16076
16063
16068
16061
16056
16081
16087
16069
16079
16066
16084
16077
16084
16074
16084
16082
16069
16071
16074
16081
16066
16072
16081
16083
16078
16088
16065
16088
16081
16070
16074
16074
16063
16075
16064
16074
16081
16076
16075
16074
16077
16073
16083
16085
16086
16081
16075
16082
16079
16074
16088
16077
16080
16083
16093
10000
11
10000
2867742057
10000
16385
16393
16380
16391
16397
16364
16379
16378
16373
16377
16365
16377
16374
16376
16384
16364
16372
16387
16372
16376
16395
16360
16369
16395
16370
16357
16398
16358
16351
16408
16359
16367
16411
16366
16364
16391
16360
16353
16404
16371
16366
16400
16366
16360
16401
16361
16368
16410
16351
16370
16364
16388
16384
16370
16388
16360
16371
16375
16377
16376
10000
12
10000
2869460724
10000
16070
16078
16073
16070
16075
16089
16074
16066
16067
16062
16086
16074
16075
16082
16083
16061
16074
16056
16075
16054
16058
16066
16063
16066
16072
16075
16081
16080
16086
16091
16095
16102
16086
16082
16086
16077
16071
16081
16086
16092
16089
16070
16074
16075
16087
16082
16085
16090
16076
16073
16073
16072
16084
16080
16069
16077
16074
16066
16081
16081
10000
11
10000
2873887317
10000
16388
16365
16387
16383
16379
16379
16379
16378
16383
16382
16371
16395
16381
16380
16397
16367
16366
16393
16358
16359
16393
16360
16347
16398
16344
16370
16392
16370
16368
16403
16363
16365
16402
16364
16360
16396
16360
16350
16408
16342
16369
16397
16378
16376
16392
16372
16383
16387
16386
16375
16387
16392
16383
16385
16385
16377
16384
16385
16390
16395
10000
12
10000
2875605959
10000
16076
16078
16084
16072
16089
16077
16076
16085
16065
16075
16078
16058
16072
16082
16067
16066
16068
16064
16061
16064
16084
16082
16085
16080
16063
16074
16071
16065
16048
16075
16065
16063
16058
16054
16042
16059
16069
16061
16078
16062
16081
16070
16066
16075
16072
16063
16065
16060
16052
16065
16052
16055
16051
16063
16054
16050
16052
16070
16065
16048
10000
11
10000
2880030614
10000
16365
16360
16396
16373
16372
16396
16365
16365
16401
16365
16350
16405
16357
16376
16387
16373
16352
16406
16378
16373
16398
16355
16370
16377
16387
16407
16367
16392
16391
16377
16367
16374
16404
16345
16359
16432
16334
16344
16400
16374
16374
16396
16366
16363
16387
16371
16386
16384
16389
16393
16373
16380
16398
16372
16374
16411
16361
16377
16384
16396
10000
12
10000
2881750907
10000
16073
16072
16075
16045
16084
16137
16084
16021
16088
16056
16086
16078
16056
16054
16060
16051
16042
16091
16063
16073
16068
16077
16059
16064
16068
16067
16062
16067
16075
16069
16069
16083
16068
16057
16093
16068
16066
16075
16085
16076
16062
16089
16076
16067
16071
16070
16056
16067
16085
16081
16073
16079
16073
16076
16089
16078
16071
16068
16079
16062
10000
11
10000
2888381919
10000
16369
16391
16376
16376
16395
16368
16382
16384
16380
16375
16396
16376
16379
16386
16378
16383
16376
16396
16371
16387
16383
16398
16375
16388
16385
16375
16383
16379
16364
16393
16405
16361
16406
16392
16361
16399
16406
16361
16400
16399
16366
16391
16370
16360
16408
16358
16371
16397
16374
16380
16392
16367
16371
16380
16373
16378
16383
16367
16376
16380
10000
12
10000
2889116238
10000
16078
16057
16072
16077
16071
16071
16063
16067
16073
16077
16062
16067
16062
16068
16062
16071
16065
16066
16053
16068
16058
16062
16071
16064
16064
16061
16079
16048
16061
16066
16055
16063
16073
16059
16058
16080
16073
16072
16061
16071
16069
16069
16056
16061
16071
16062
16071
16064
16079
16064
16064
16072
16065
16068
16063
16058
16072
16074
16055
16077
10000
11
10000
2891570020
10000
16384
16403
16379
16380
16391
16367
16380
16382
16386
16384
16360
16383
16372
16377
16393
16372
16381
16398
16362
16368
16393
16371
16376
16390
16366
16369
16399
16368
16371
16392
16399
0
0
0
0
0
0
0
0
0
0
0
0
0
0
0
0
0
0
0
0
0
0
0
0
0
0
0
0
0
