10000
12
10000
3533226816
10000
16483
16468
16472
16456
16476
16484
16445
16483
16448
16460
16475
16450
16447
16487
16452
16456
16486
16440
16452
16486
16443
16443
16465
16440
16462
16475
16456
16466
16460
16467
16488
0
0
0
0
0
0
0
0
0
0
0
0
0
0
0
0
0
0
0
0
0
0
0
0
0
0
0
0
0
10000
11
10000
3535681546
10000
16345
16351
16340
16351
16347
16357
16333
16348
16337
16341
16345
16343
16345
16346
16347
16348
16347
16346
16341
16343
16345
16350
16338
16344
16348
16341
16335
16357
16338
16349
16349
0
0
0
0
0
0
0
0
0
0
0
0
0
0
0
0
0
0
0
0
0
0
0
0
0
0
0
0
0
10000
12
10000
3536414699
10000
16458
16445
16486
16442
16443
16488
16449
16448
16486
16443
16446
16470
16447
16473
16465
16450
16471
16472
16448
16472
16483
16447
16483
16475
16459
16478
16465
16472
16458
16463
16464
0
0
0
0
0
0
0
0
0
0
0
0
0
0
0
0
0
0
0
0
0
0
0
0
0
0
0
0
0
10000
11
10000
3540838803
10000
16344
16358
16333
16350
16345
16347
16351
16347
16343
16352
16348
16346
16350
16350
16343
16337
16342
16341
16349
16337
16344
16348
16339
16348
16355
16343
16353
16357
16343
16351
16346
16342
16331
16348
16346
16338
16348
16339
16338
16349
16345
16344
16350
16350
16344
16354
16348
16342
16350
16339
0
0
0
0
0
0
0
0
0
0
10000
12
10000
3542557192
10000
16467
16451
16476
16482
16438
16480
16473
16428
16473
16471
16431
16467
16466
16437
16473
16471
16449
16467
16457
16451
16460
16461
16459
16459
16471
16469
16472
16478
16490
16468
16492
16493
16445
16487
16441
16454
16493
16456
16468
16491
16458
16450
16500
16458
16471
16474
16457
16458
16467
16463
16477
16462
16445
16481
16447
16455
16486
16468
16452
16471
10000
11
10000
3546985441
10000
16338
16349
16345
16336
16341
16350
16342
16349
16352
16348
16328
16343
16339
16345
16348
16347
16354
16345
16351
16348
16340
16343
16348
16344
16335
16327
16348
16341
16355
16340
16346
16338
16355
16344
16349
16346
16354
16341
16348
16346
16343
16332
16343
16346
16347
16351
16351
16357
16347
16348
16337
16333
16337
16357
16331
16389
16377
16321
16318
16355
10000
12
10000
3548704117
10000
16456
16459
16476
16441
16487
16500
16431
16483
16503
16449
16482
16465
16462
16472
16461
16472
16455
16463
16468
16457
16470
16458
16462
16481
16482
16453
16481
16484
16437
16473
16492
16428
16492
16465
16442
16494
16432
16451
16536
16501
16484
16449
16328
16491
16648
16363
16401
16520
16424
16453
16466
16473
16460
16502
16490
16483
16453
16422
16544
16431
10000
12
10000
3553861624
10000
16435
16503
16432
16448
16493
16441
16454
16498
16456
16493
16501
16450
16497
16477
16470
16470
16458
16443
16466
16460
16478
16466
16458
16491
16465
16499
16501
16451
16494
16501
16445
16508
16491
16449
16509
16498
16455
16492
16498
16459
16487
16487
16450
16484
16452
16449
16477
16453
16469
16467
16460
0
0
0
0
0
0
0
0
0
10000
11
10000
3556315984
10000
16345
16351
16344
16340
16338
16344
16349
16348
16335
16340
16342
16355
16342
16341
16346
16338
16341
16341
16343
16342
16339
16363
16333
16348
16342
16334
16350
16345
16339
16350
16347
16353
0
0
0
0
0
0
0
0
0
0
0
0
0
0
0
0
0
0
0
0
0
0
0
0
0
0
0
0
10000
12
10000
3557049988
10000
16447
16466
16446
16434
16495
16431
16429
16499
16428
16408
16489
16442
16497
16480
16421
16477
16477
16440
16473
16454
16455
16454
16455
16471
16451
16445
16465
16426
16470
16463
16459
0
0
0
0
0
0
0
0
0
0
0
0
0
0
0
0
0
0
0
0
0
0
0
0
0
0
0
0
0
10000
11
10000
3561495421
10000
16346
16345
16350
16324
16360
16343
16352
16351
16341
16352
16348
16357
16321
16351
16340
16345
16343
16347
16342
16334
16349
16339
16344
16345
16347
16343
16349
16337
16345
16341
16354
16333
16337
16345
16343
16337
16355
16350
16339
16364
16328
16346
16343
16344
16351
16337
16345
16325
16349
16338
16340
0
0
0
0
0
0
0
0
0
10000
12
10000
3563214387
10000
16431
16476
16488
16426
16479
16475
16429
16493
16479
16408
16488
16494
16412
16476
16493
16430
16482
16441
16433
16478
16439
16452
16453
16455
16463
16445
16458
16463
16449
16474
16489
16425
16487
16495
16422
16501
16413
16403
16504
16403
16417
16489
16413
16417
16481
16430
16424
16473
16441
16440
16454
16448
16466
16452
16449
16462
16439
16468
16435
16414
10000
11
10000
3567639827
10000
16348
16342
16338
16354
16350
16340
16338
16332
16344
16341
16349
16323
16351
16354
16337
16358
16352
16338
16357
16347
16334
16341
16353
16336
16342
16352
16348
16337
16339
16336
16346
16343
16344
16339
16333
16357
16338
16355
16361
16330
16332
16348
16332
16339
16338
16343
16338
16348
16357
16332
16345
16338
16335
16351
16327
16329
16353
16333
16341
16350
10000
12
10000
3569359710
10000
16491
16515
16423
16501
16507
16428
16501
16490
16429
16491
16489
16430
16488
16481
16428
16483
16439
16443
16468
16438
16451
16465
16473
16481
16445
16472
16481
16460
16475
16483
16442
16491
16434
16441
16493
16414
16424
16501
16435
16426
16502
16425
16411
16496
16431
16426
16468
16456
16467
16460
16464
16486
16476
16461
16501
16449
16438
16494
16436
16433
10000
11
10000
3572799926
10000
16348
16342
16353
16336
16331
16355
16336
16345
16350
16335
16327
16355
16337
16339
16352
16340
16341
16345
16353
16353
16339
16352
16356
16336
16345
16340
16335
16341
16346
16344
16345
16344
16335
16343
16343
16351
16349
16358
16335
16359
16345
16338
16366
16347
16330
16374
16358
16337
16360
16359
16349
0
0
0
0
0
0
0
0
0
10000
12
10000
3573532963
10000
16498
16494
16422
16510
16515
16407
16513
16501
16403
16514
16420
16426
16492
16431
16441
16463
16441
16446
16456
16449
16464
16441
16466
16465
16433
16492
16426
16428
16502
16424
16404
16498
16415
16423
16502
16397
16405
16499
16400
16411
16492
0
0
0
0
0
0
0
0
0
0
0
0
0
0
0
0
0
0
0
10000
11
10000
3575987430
10000
16334
16333
16355
16333
16333
16358
16337
16337
16348
16332
16332
16350
16336
16341
16352
16330
16336
16348
16338
16340
16353
16351
16337
16343
16349
16355
16330
16350
16350
16341
16337
0
0
0
0
0
0
0
0
0
0
0
0
0
0
0
0
0
0
0
0
0
0
0
0
0
0
0
0
0
10000
12
10000
3576720456
10000
16495
16399
16490
16480
16447
16480
16467
16463
16458
16460
16462
16427
16476
16483
16411
16490
16490
16413
16486
16501
16415
16491
16509
16404
16498
16404
16422
16490
16419
16416
16479
16488
0
0
0
0
0
0
0
0
0
0
0
0
0
0
0
0
0
0
0
0
0
0
0
0
0
0
0
0
10000
11
10000
3579176805
10000
16336
16353
16337
16351
16359
16333
16346
16357
16337
16359
16349
16341
16369
16363
16337
16355
16346
16324
16352
16350
16330
16357
16350
16336
16344
16322
16368
16343
16357
16325
16334
0
0
0
0
0
0
0
0
0
0
0
0
0
0
0
0
0
0
0
0
0
0
0
0
0
0
0
0
0
10000
12
10000
3579909911
10000
16429
16489
16471
16449
16457
16455
16474
16446
16487
16495
16431
16514
16501
16433
16498
16507
16420
16503
16497
16464
16473
16485
16464
16504
16468
16441
16505
16438
16443
16514
16503
0
0
0
0
0
0
0
0
0
0
0
0
0
0
0
0
0
0
0
0
0
0
0
0
0
0
0
0
0
10000
11
10000
3582364203
10000
16345
16349
16332
16353
16346
16340
16343
16344
16334
16339
16343
16334
16348
16341
16354
16346
16333
16355
16336
16338
16343
16345
16343
16358
16336
16329
16361
16341
16332
16348
16357
0
0
0
0
0
0
0
0
0
0
0
0
0
0
0
0
0
0
0
0
0
0
0
0
0
0
0
0
0
10000
12
10000
3583096374
10000
16444
16451
16486
16463
16475
16473
16480
16480
16447
16482
16502
16430
16516
16495
16415
16508
16403
16408
16510
16400
16408
16514
16419
16420
16486
16435
16421
16501
16439
16448
16454
0
0
0
0
0
0
0
0
0
0
0
0
0
0
0
0
0
0
0
0
0
0
0
0
0
0
0
0
0
10000
11
10000
3586545786
10000
16334
16314
16355
16345
16345
16361
16331
16323
16359
16328
16343
16346
16332
16342
16362
16330
16324
16362
16341
16353
16335
16354
16350
16346
16325
16329
16355
16323
16329
16347
16345
16344
16351
16333
16360
16332
16345
16342
16378
16359
16340
0
0
0
0
0
0
0
0
0
0
0
0
0
0
0
0
0
0
0
10000
12
10000
3588265044
10000
16479
16459
16462
16471
16466
16443
16450
16474
16444
16438
16488
16443
16426
16511
16408
16410
16528
16412
16417
16516
16418
16514
16517
16424
16503
16495
16445
16486
16469
16464
16456
16435
16483
16456
16460
16495
16453
16496
16505
16436
16475
16503
16412
16513
16512
16389
16537
16535
16389
16461
0
0
0
0
0
0
0
0
0
0
10000
11
10000
3591706679
10000
16348
16346
16345
16330
16339
16354
16330
16328
16364
16335
16323
16366
16349
16334
16354
16301
16309
16378
16317
16328
16350
16342
16336
16353
16348
16331
16349
16335
16342
16355
16343
16331
16365
16333
16333
16343
16332
16338
16351
16353
16344
16350
16349
16352
16341
16340
16356
16340
16342
16349
0
0
0
0
0
0
0
0
0
0
10000
12
10000
3592439908
10000
16491
16499
16436
16503
16440
16438
16486
16441
16458
16475
16463
16469
16451
16475
16491
16450
16493
16498
16422
16504
16427
16415
16503
16414
16407
16518
16418
16427
16519
16423
16418
16503
16437
16440
16495
16459
16484
16482
16447
16472
16461
0
0
0
0
0
0
0
0
0
0
0
0
0
0
0
0
0
0
0
10000
11
10000
3594894123
10000
16344
16345
16341
16357
16339
16350
16352
16339
16353
16352
16326
16368
16355
16331
16358
16358
16327
16352
16359
16336
16367
16355
16329
16366
16356
16333
16362
16322
16345
16345
16356
16334
0
0
0
0
0
0
0
0
0
0
0
0
0
0
0
0
0
0
0
0
0
0
0
0
0
0
0
0
10000
12
10000
3595627180
10000
16481
16478
16444
16490
16510
16430
16513
16513
16436
16511
16519
16424
16522
16524
16423
16517
16522
16434
16514
16417
16427
16516
16443
16444
16498
16445
16449
16476
16464
16473
16459
16453
0
0
0
0
0
0
0
0
0
0
0
0
0
0
0
0
0
0
0
0
0
0
0
0
0
0
0
0
10000
11
10000
3598081501
10000
16358
16353
16332
16358
16354
16342
16352
16351
16335
16345
16352
16344
16343
16339
16351
16332
16345
16339
16349
16331
16354
16332
16332
16355
16347
16354
16354
16333
16322
16369
16368
0
0
0
0
0
0
0
0
0
0
0
0
0
0
0
0
0
0
0
0
0
0
0
0
0
0
0
0
0
10000
12
10000
3598816648
10000
16482
16443
16499
16489
16440
16519
16515
16423
16525
16515
16423
16508
16526
16423
16514
16511
16428
16504
16431
16422
16519
16430
16455
16490
16484
16493
16465
16479
16492
16471
16436
0
0
0
0
0
0
0
0
0
0
0
0
0
0
0
0
0
0
0
10000
11
10000
3601270901
10000
16338
16347
16342
16328
16319
16361
16313
16325
16347
16331
16338
16350
16332
16327
16377
16319
16322
16379
16325
16325
16343
16345
16325
16354
16326
16326
16371
16337
16371
16334
16319
0
0
0
0
0
0
0
0
0
0
0
0
0
0
0
0
0
0
0
0
0
0
0
0
0
0
0
0
0
10000
12
10000
3602004094
10000
16480
16481
16422
16489
16500
16422
16495
16513
16397
16528
16386
16417
16521
16399
16397
16548
16384
16439
16477
16494
16545
16414
16484
16473
16510
16343
16524
16425
16574
16590
16415
0
0
0
0
0
0
0
0
0
0
0
0
0
0
0
0
0
0
0
0
0
0
0
0
0
0
0
0
0
10000
11
10000
3604458341
10000
16383
16309
16376
16379
16390
16334
16317
16316
16365
16315
16338
16348
16348
16360
16322
16352
16324
16302
16411
16422
16366
16336
16286
16292
16347
16412
16378
16380
16334
16285
16337
0
0
0
0
0
0
0
0
0
0
0
0
0
0
0
0
0
0
0
0
0
0
0
0
0
0
0
0
0
10000
12
10000
3605194568
10000
16456
16495
16439
16481
16485
16478
16477
16487
16420
16486
16502
16521
16475
16548
16405
16504
16502
16508
16543
16496
16456
16484
16502
16512
16516
16451
16448
16438
16479
16504
16479
0
0
0
0
0
0
0
0
0
0
0
0
0
0
0
0
0
0
0
0
0
0
0
0
0
0
0
0
0
10000
11
10000
3607650265
10000
16348
16382
16373
16349
16323
16315
16341
16401
16339
16375
16353
16324
16317
16341
16363
16353
16354
16336
16350
16349
16323
16362
16361
16368
16364
16331
16345
16330
16344
16359
16361
0
0
0
0
0
0
0
0
0
0
0
0
0
0
0
0
0
0
0
0
0
0
0
0
0
0
0
0
0
10000
12
10000
3608384257
10000
16455
16439
16503
16448
16432
16478
16418
16464
16491
16458
16486
16443
16418
16454
16489
16443
16455
16446
16436
16456
16458
16469
16438
16445
16449
16443
16467
16469
16417
16413
16453
0
0
0
0
0
0
0
0
0
0
0
0
0
0
0
0
0
0
0
0
0
0
0
0
0
0
0
0
0
10000
11
10000
3610837440
10000
16343
16343
16322
16338
16347
16367
16357
16336
16339
16335
16342
16361
16368
16339
16336
16332
16332
16346
16373
16364
16364
16354
16290
16354
16318
16358
16378
16358
16316
16335
16343
0
0
0
0
0
0
0
0
0
0
0
0
0
0
0
0
0
0
0
0
0
0
0
0
0
0
0
0
0
10000
12
10000
3612556102
10000
16469
16435
16460
16461
16413
16481
16494
16430
16473
16468
16425
16480
16451
16425
16447
16414
16455
16487
16470
16440
16470
16454
16472
16460
16487
16481
16411
16476
16492
16442
16477
16431
16431
16489
16435
16423
16473
16413
16425
16471
16471
0
0
0
0
0
0
0
0
0
0
0
0
0
0
0
0
0
0
0
10000
11
10000
3616983074
10000
16364
16359
16362
16337
16317
16347
16363
16349
16365
16341
16326
16326
16353
16358
16347
16333
16350
16336
16338
16346
16359
16351
16335
16354
16334
16344
16340
16367
16349
16329
16395
16359
16332
16348
16342
16393
16330
16340
16346
16351
16343
16358
16351
16381
16325
16358
16345
16315
16368
16396
16325
16375
16353
16326
16340
16341
16352
16372
16356
16339
10000
12
10000
3618702760
10000
16432
16449
16472
16434
16481
16469
16443
16428
16437
16470
16445
16465
16413
16394
16491
16507
16434
16497
16414
16451
16468
16496
16455
16548
16442
16412
16488
16440
16483
16483
16415
16400
16492
16422
16471
16453
16445
16443
16454
16446
16459
16427
16450
16441
16434
16492
16456
16453
16487
16444
16456
16515
16442
16441
16493
16481
16518
16495
16499
16496
10000
11
10000
3621157735
10000
16339
16339
16362
16357
16337
16346
16323
16337
16355
16349
16349
16333
16330
16331
16351
16324
16329
16346
16343
16351
16337
16353
16356
16338
16358
16349
16335
16346
16367
16333
16352
16346
16331
16357
16351
16323
16358
16359
16329
16360
16352
0
0
0
0
0
0
0
0
0
0
0
0
0
0
0
0
0
0
0
10000
12
10000
3621891020
10000
16456
16477
16450
16451
16452
16475
16478
16443
16475
16473
16453
16490
16493
16457
16490
16499
16445
16483
16482
16432
16475
16434
16444
16476
16447
16441
16480
16457
16471
16489
16470
0
0
0
0
0
0
0
0
0
0
0
0
0
0
0
0
0
0
0
0
0
0
0
0
0
0
0
0
0
10000
12
10000
3625077574
10000
16451
16480
16491
16482
16460
16453
16464
16462
16448
16466
16463
16439
16465
16435
16447
16459
16437
16430
16474
16443
16443
16475
16442
16431
16458
16435
16450
16449
16436
16444
16459
0
0
0
0
0
0
0
0
0
0
0
0
0
0
0
0
0
0
0
0
0
0
0
0
0
0
0
0
0
10000
11
10000
3627531645
10000
16350
16357
16337
16341
16342
16348
16341
16339
16344
16343
16357
16340
16347
16345
16350
16337
16355
16327
16356
16355
16340
16358
16358
16332
16356
16357
16338
16342
16358
16341
16344
0
0
0
0
0
0
0
0
0
0
0
0
0
0
0
0
0
0
0
0
0
0
0
0
0
0
0
0
0
10000
12
10000
3628264903
10000
16446
16464
16452
16434
16466
16426
16441
16467
16438
16440
16469
16439
16422
16476
16434
16416
16475
16436
16464
16466
16427
16469
16459
16439
16460
16450
16437
16468
16453
16444
16449
0
0
0
0
0
0
0
0
0
0
0
0
0
0
0
0
0
0
0
0
0
0
0
0
0
0
0
0
0
10000
11
10000
3630718118
10000
16349
16354
16351
16349
16342
16338
16336
16344
16335
16341
16343
16351
16334
16348
16347
16350
16338
16342
16346
16336
16343
16346
16343
16356
16342
16337
16357
16336
16339
16361
16353
0
0
0
0
0
0
0
0
0
0
0
0
0
0
0
0
0
0
0
0
0
0
0
0
0
0
0
0
0
10000
12
10000
3631451522
10000
16448
16462
16460
16442
16448
16474
16449
16479
16491
16451
16479
16480
16457
16478
16485
16457
16489
16478
16450
16477
16486
16459
16480
16447
16472
16479
16461
16455
16478
16474
16476
0
0
0
0
0
0
0
0
0
0
0
0
0
0
0
0
0
0
0
0
0
0
0
0
0
0
0
0
0
10000
11
10000
3633908797
10000
16348
16357
16341
16339
16341
16351
16363
16341
16357
16333
16336
16348
16341
16342
16354
16339
16331
16346
16337
16338
16356
16322
16333
16347
16332
16334
16350
16337
16353
16333
16345
0
0
0
0
0
0
0
0
0
0
0
0
0
0
0
0
0
0
0
0
0
0
0
0
0
0
0
0
0
10000
12
10000
3634642070
10000
16475
16446
16467
16478
16449
16480
16490
16448
16490
16485
16454
16494
16446
16445
16494
16455
16465
16495
16457
16443
16467
16465
16471
16467
16485
16467
16447
16495
16480
16456
16459
0
0
0
0
0
0
0
0
0
0
0
0
0
0
0
0
0
0
0
10000
11
10000
3637095255
10000
16353
16336
16348
16337
16355
16351
16352
16344
16356
16351
16344
16361
16346
16363
16332
16334
16345
16329
16324
16351
16335
16338
16357
16332
16349
16351
16348
16341
16342
16338
16342
0
0
0
0
0
0
0
0
0
0
0
0
0
0
0
0
0
0
0
0
0
0
0
0
0
0
0
0
0
10000
12
10000
3637827584
10000
16461
16467
16449
16476
16446
16469
16498
16447
16445
16485
16439
16448
16489
16457
16443
16461
16430
16439
16475
16452
16472
16442
16451
16464
16474
16466
16465
16455
16469
16467
16432
0
0
0
0
0
0
0
0
0
0
0
0
0
0
0
0
0
0
0
0
0
0
0
0
0
0
0
0
0
10000
11
10000
3640282791
10000
16344
16366
16340
16341
16349
16331
16333
16353
16333
16345
16356
16333
16361
16333
16342
16331
16355
16333
16334
16353
16337
16343
16345
16371
16347
16348
16331
16343
16366
16347
16346
0
0
0
0
0
0
0
0
0
0
0
0
0
0
0
0
0
0
0
0
0
0
0
0
0
0
0
0
0
