10000
11
10000
841136902
10000
16337
16361
16338
16345
16373
16368
16354
16369
16353
16345
16371
16357
16339
16384
16357
16340
16373
16350
16370
16357
16359
16349
16360
16347
16340
16370
16352
16353
16367
16352
16353
16363
16359
16364
16364
16362
16351
16367
16354
16356
16358
16352
16361
16364
16356
16371
16370
16366
16360
16375
0
0
0
0
0
0
0
0
0
0
10000
12
10000
842856233
10000
16041
16031
16042
16039
16047
16038
16048
16045
16047
16037
16046
16039
16040
16050
16046
16030
16056
16031
16033
16049
16030
16048
16045
16029
16040
16050
16032
16021
16045
16022
16040
16036
16040
16034
16035
16026
16037
16044
16042
16037
16035
16051
16045
16055
16061
16017
16047
16036
16041
16043
16053
16061
16038
16070
16063
16032
16060
16064
16034
16039
10000
11
10000
847280838
10000
16357
16370
16370
16347
16380
16372
16348
16371
16384
16341
16381
16384
16334
16373
16370
16342
16379
16367
16360
16365
16386
16348
16381
16391
16336
16375
16363
16350
16356
16358
16358
16360
16357
16356
16369
16344
16339
16353
16361
16359
16368
16363
16362
16365
16350
16368
16366
16364
16377
16388
16378
16355
16370
16367
16360
16377
16371
16340
16372
16370
10000
12
10000
849000209
10000
16038
16050
16041
16047
16046
16052
16045
16049
16046
16035
16059
16034
16056
16046
16045
16050
16038
16036
16054
16045
16039
16062
16039
16045
16055
16040
16040
16041
16036
16045
16044
16019
16043
16041
16045
16037
16038
16041
16032
16044
16056
16048
16049
16059
16040
16038
16042
16032
16058
16053
16068
16052
16072
16047
16048
16059
16066
16038
16053
16049
10000
11
10000
853427787
10000
16337
16376
16385
16349
16370
16341
16352
16369
16343
16347
16373
16345
16338
16372
16334
16346
16379
16349
16341
16373
16350
16344
16371
16363
16363
16361
16360
16367
16358
16353
16361
16355
16352
16372
16349
16374
16363
16351
16366
16379
16343
16377
16379
16344
16369
16370
16350
16370
16376
16383
16369
16354
16373
16375
16349
16374
16342
16332
16368
16356
10000
12
10000
855146046
10000
16042
16040
16053
16047
16050
16053
16046
16046
16048
16064
16042
16051
16049
16051
16047
16044
16034
16057
16051
16045
16062
16045
16053
16052
16047
16041
16049
16029
16050
16046
16039
16043
16051
16042
16048
16058
16049
16039
16052
16040
16049
16043
16060
16044
16037
16052
16042
16047
16057
16063
16061
16048
16069
16067
16046
16071
16059
16057
16039
16048
10000
11
10000
859571682
10000
16343
16376
16344
16356
16371
16346
16347
16377
16344
16332
16369
16349
16342
16370
16364
16362
16356
16368
16341
16355
16350
16359
16353
16371
16358
16341
16362
16354
16353
16366
16367
16347
16375
16369
16350
16367
16362
16359
16374
16374
16346
16375
16378
16343
16375
16369
16355
16381
16382
16387
16338
16341
16384
16347
16334
16374
16346
16339
16380
16347
10000
12
10000
861290014
10000
16058
16055
16059
16056
16057
16050
16043
16061
16047
16040
16033
16059
16044
16040
16036
16033
16033
16052
16035
16039
16045
16024
16047
16045
16035
16040
16045
16050
16033
16058
16045
16054
16050
16050
16059
16051
16056
16046
16053
16064
16064
16060
16069
16052
16038
16052
16052
16050
16055
16066
16047
16055
16051
16026
16041
16063
16045
16048
16070
16045
10000
11
10000
865716610
10000
16350
16374
16350
16342
16366
16353
16352
16368
16359
16345
16363
16347
16355
16363
16357
16365
16345
16372
16372
16344
16367
16370
16347
16378
16371
16359
16369
16367
16339
16382
16367
16343
16378
16372
16342
16383
16374
16342
16381
16383
16327
16393
16393
16338
16388
16373
16351
16363
16367
16362
16361
16334
16365
16347
16350
16369
16352
16357
16376
16355
10000
12
10000
867434904
10000
16045
16049
16059
16043
16053
16037
16041
16028
16046
16029
16033
16032
16034
16043
16057
16036
16038
16055
16035
16029
16045
16040
16018
16053
16032
16031
16060
16049
16049
16055
16044
16053
16036
16057
16042
16058
16038
16046
16039
16053
16046
16052
16049
16046
16023
16039
16049
16085
16067
16059
16053
16031
16052
16032
16045
16050
16041
16033
16050
16051
10000
11
10000
870873862
10000
16375
16349
16353
16345
16374
16369
16351
16377
16343
16358
16359
16355
16374
16347
16382
16367
16340
16380
16367
16356
16369
16373
16344
16372
16367
16351
16369
16375
16320
16390
16370
16329
16385
16385
16341
16383
16382
16343
16375
16374
16353
16382
16372
16348
16367
16369
16353
16379
16368
16366
16358
0
0
0
0
0
0
0
0
0
10000
12
10000
871609558
10000
16053
16062
16036
16051
16046
16042
16057
16049
16047
16051
16039
16048
16041
16044
16057
16035
16039
16042
16045
16038
16049
16038
16056
16063
16047
16061
16053
16045
16055
16052
16040
16061
16043
16052
16048
16063
16052
16050
16050
16054
16055
0
0
0
0
0
0
0
0
0
0
0
0
0
0
0
0
0
0
0
10000
11
10000
874064155
10000
16358
16361
16354
16352
16354
16360
16364
16355
16370
16357
16359
16374
16379
16347
16363
16365
16356
16370
16370
16332
16385
16372
16341
16377
16370
16339
16379
16389
16344
16352
16380
0
0
0
0
0
0
0
0
0
0
0
0
0
0
0
0
0
0
0
0
0
0
0
0
0
0
0
0
0
10000
12
10000
874799081
10000
16050
16062
16062
16053
16081
16057
16065
16056
16047
16056
16060
16038
16038
16062
16053
16045
16053
16059
16062
16066
16050
16051
16045
16050
16063
16047
16044
16046
16037
16051
16047
16039
0
0
0
0
0
0
0
0
0
0
0
0
0
0
0
0
0
0
0
0
0
0
0
0
0
0
0
0
10000
11
10000
878249041
10000
16382
16350
16374
16376
16350
16371
16376
16339
16384
16370
16354
16374
16366
16350
16373
16366
16351
16357
16364
16356
16368
16368
16355
16359
16361
16360
16354
16357
16360
16361
16355
16373
16347
16362
16356
16356
16343
16363
16351
16366
16381
0
0
0
0
0
0
0
0
0
0
0
0
0
0
0
0
0
0
0
10000
12
10000
878982957
10000
16050
16036
16024
16041
16046
16053
16047
16039
16042
16030
16037
16033
16045
16032
16025
16049
16033
16037
16029
16032
16040
16040
16049
16052
16036
16050
16039
16033
16041
16031
16020
16046
16036
16032
16026
16031
16020
16035
16027
16018
16036
0
0
0
0
0
0
0
0
0
0
0
0
0
0
0
0
0
0
0
10000
11
10000
881437656
10000
16368
16338
16374
16384
16340
16374
16375
16341
16385
16380
16339
16372
16375
16336
16385
16379
16344
16380
16379
16343
16374
16378
16347
16381
16387
16341
16373
16364
16355
16344
16368
0
0
0
0
0
0
0
0
0
0
0
0
0
0
0
0
0
0
0
0
0
0
0
0
0
0
0
0
0
10000
11
10000
884625840
10000
16368
16356
16358
16356
16369
16365
16364
16360
16363
16355
16368
16366
16370
16353
16348
16337
16376
16351
16337
16372
16342
16342
16378
16345
16336
16388
16333
16330
16387
16383
16336
0
0
0
0
0
0
0
0
0
0
0
0
0
0
0
0
0
0
0
0
0
0
0
0
0
0
0
0
0
10000
12
10000
885358579
10000
16033
16030
16037
16025
16046
16044
16029
16041
16027
16041
16031
16047
16030
16040
16051
16030
16053
16029
16044
16037
16031
16019
16034
16036
16031
16039
16031
16025
16043
16025
16037
0
0
0
0
0
0
0
0
0
0
0
0
0
0
0
0
0
0
0
0
0
0
0
0
0
0
0
0
0
10000
11
10000
887812770
10000
16335
16382
16343
16342
16393
16339
16339
16378
16343
16351
16368
16340
16349
16377
16351
16350
16369
16360
16350
16374
16351
16359
16373
16351
16356
16369
16354
16347
16357
16341
16363
0
0
0
0
0
0
0
0
0
0
0
0
0
0
0
0
0
0
0
0
0
0
0
0
0
0
0
0
0
10000
12
10000
888545646
10000
16025
16044
16038
16041
16026
16026
16038
16045
16037
16032
16049
16032
16037
16032
16048
16035
16031
16049
16025
16039
16052
16058
16027
16031
16031
16041
16043
16052
16043
16032
16044
0
0
0
0
0
0
0
0
0
0
0
0
0
0
0
0
0
0
0
0
0
0
0
0
0
0
0
0
0
10000
11
10000
891003664
10000
16370
16341
16369
16358
16348
16382
16378
16347
16369
16373
16354
16369
16390
16333
16377
16364
16348
16369
16359
16350
16365
16378
16352
16381
16374
16346
16390
16375
16346
16340
16358
0
0
0
0
0
0
0
0
0
0
0
0
0
0
0
0
0
0
0
0
0
0
0
0
0
0
0
0
0
10000
12
10000
891736461
10000
16024
16042
16033
16032
16024
16037
16050
16037
16013
16038
16013
16051
16035
16037
16036
16046
16039
16062
16021
16005
16019
16008
16018
16014
16020
16012
16018
16054
16013
16029
16017
0
0
0
0
0
0
0
0
0
0
0
0
0
0
0
0
0
0
0
0
0
0
0
0
0
0
0
0
0
10000
11
10000
894190584
10000
16377
16350
16350
16370
16349
16351
16381
16346
16351
16372
16346
16377
16366
16370
16356
16363
16365
16341
16354
16377
16350
16362
16367
16360
16332
16364
16349
16336
16383
16374
16376
0
0
0
0
0
0
0
0
0
0
0
0
0
0
0
0
0
0
0
10000
12
10000
894923359
10000
16017
16030
16034
16024
16041
16017
16032
16013
16005
16033
16036
16032
16036
16040
16023
16038
16035
16032
16050
16030
16046
16055
16027
16032
16032
16040
16029
16054
16034
16043
16051
0
0
0
0
0
0
0
0
0
0
0
0
0
0
0
0
0
0
0
0
0
0
0
0
0
0
0
0
0
10000
11
10000
897377609
10000
16352
16382
16374
16350
16381
16380
16336
16393
16322
16340
16389
16338
16344
16373
16337
16344
16377
16343
16341
16386
16341
16355
16370
16347
16346
16368
16339
16347
16363
16371
16367
0
0
0
0
0
0
0
0
0
0
0
0
0
0
0
0
0
0
0
0
0
0
0
0
0
0
0
0
0
10000
12
10000
898110433
10000
16059
16029
16038
16038
16036
16029
16037
16049
16044
16036
16044
16043
16023
16050
16047
16041
16041
16052
16029
16055
16028
16036
16050
16038
16050
16041
16031
16053
16044
16057
16026
0
0
0
0
0
0
0
0
0
0
0
0
0
0
0
0
0
0
0
0
0
0
0
0
0
0
0
0
0
10000
11
10000
900563930
10000
16362
16351
16370
16356
16352
16376
16361
16367
16372
16360
16354
16357
16375
16339
16387
16374
16340
16377
16375
16347
16380
16378
16343
16383
16378
16348
16386
16384
16339
16350
16378
0
0
0
0
0
0
0
0
0
0
0
0
0
0
0
0
0
0
0
0
0
0
0
0
0
0
0
0
0
10000
12
10000
901296744
10000
16053
16046
16048
16058
16049
16045
16049
16049
16056
16044
16050
16050
16050
16063
16052
16052
16041
16054
16046
16064
16055
16053
16057
16061
16050
16055
16056
16060
16056
16069
16050
0
0
0
0
0
0
0
0
0
0
0
0
0
0
0
0
0
0
0
0
0
0
0
0
0
0
0
0
0
10000
11
10000
903751106
10000
16373
16344
16376
16380
16330
16371
16369
16332
16377
16373
16350
16379
16376
16354
16366
16365
16357
16374
16365
16353
16356
16367
16342
16357
16352
16344
16361
16372
16354
16377
16355
0
0
0
0
0
0
0
0
0
0
0
0
0
0
0
0
0
0
0
0
0
0
0
0
0
0
0
0
0
10000
12
10000
904484038
10000
16036
16058
16046
16035
16064
16069
16057
16055
16072
16055
16043
16057
16072
16065
16077
16070
16074
16086
16046
16043
16045
16055
16052
16079
16059
16050
16067
16066
16069
16075
16065
0
0
0
0
0
0
0
0
0
0
0
0
0
0
0
0
0
0
0
0
0
0
0
0
0
0
0
0
0
10000
11
10000
906940545
10000
16344
16374
16348
16336
16379
16343
16347
16379
16350
16356
16373
16356
16351
16379
16347
16333
16376
16347
16339
16378
16342
16343
16366
16344
16344
16380
16333
16338
16379
16373
16350
0
0
0
0
0
0
0
0
0
0
0
0
0
0
0
0
0
0
0
0
0
0
0
0
0
0
0
0
0
10000
12
10000
907674347
10000
16052
16050
16050
16053
16039
16061
16037
16050
16037
16057
16058
16042
16058
16053
16054
16054
16052
16053
16060
16044
16047
16055
16060
16058
16064
16050
16050
16070
16054
16068
16066
0
0
0
0
0
0
0
0
0
0
0
0
0
0
0
0
0
0
0
0
0
0
0
0
0
0
0
0
0
10000
11
10000
910128649
10000
16343
16368
16359
16355
16365
16354
16349
16365
16356
16351
16370
16350
16348
16362
16354
16356
16363
16355
16360
16363
16369
16366
16359
16377
16370
16352
16374
16396
16347
16348
16388
0
0
0
0
0
0
0
0
0
0
0
0
0
0
0
0
0
0
0
0
0
0
0
0
0
0
0
0
0
10000
12
10000
910861480
10000
16081
16058
16062
16058
16051
16039
16047
16058
16039
16050
16042
16052
16054
16059
16047
16049
16062
16048
16055
16065
16057
16078
16077
16076
16070
16069
16053
16087
16063
16071
16061
0
0
0
0
0
0
0
0
0
0
0
0
0
0
0
0
0
0
0
0
0
0
0
0
0
0
0
0
0
10000
11
10000
913316693
10000
16374
16347
16367
16380
16342
16391
16388
16336
16376
16373
16350
16378
16373
16358
16372
16364
16360
16365
16381
16334
16369
16373
16343
16361
16366
16349
16369
16360
16363
16355
16360
0
0
0
0
0
0
0
0
0
0
0
0
0
0
0
0
0
0
0
0
0
0
0
0
0
0
0
0
0
10000
12
10000
914049474
10000
16080
16061
16061
16055
16068
16062
16077
16058
16073
16056
16062
16055
16046
16057
16059
16059
16051
16065
16040
16046
16045
16050
16065
16033
16053
16039
16047
16046
16056
16051
16051
0
0
0
0
0
0
0
0
0
0
0
0
0
0
0
0
0
0
0
0
0
0
0
0
0
0
0
0
0
10000
11
10000
916503668
10000
16370
16360
16355
16346
16362
16358
16364
16368
16364
16350
16371
16351
16344
16364
16356
16350
16363
16352
16331
16364
16343
16352
16380
16342
16352
16371
16347
16347
16374
16371
16353
0
0
0
0
0
0
0
0
0
0
0
0
0
0
0
0
0
0
0
0
0
0
0
0
0
0
0
0
0
10000
12
10000
917236488
10000
16042
16061
16057
16059
16049
16041
16048
16042
16053
16044
16040
16049
16052
16039
16058
16050
16047
16057
16043
16037
16052
16048
16054
16053
16053
16036
16046
16044
16053
16032
16046
0
0
0
0
0
0
0
0
0
0
0
0
0
0
0
0
0
0
0
0
0
0
0
0
0
0
0
0
0
10000
11
10000
919690469
10000
16330
16389
16331
16352
16374
16346
16356
16368
16338
16341
16373
16338
16347
16362
16353
16354
16364
16353
16359
16358
16357
16347
16358
16355
16372
16351
16360
16380
16350
16359
16364
0
0
0
0
0
0
0
0
0
0
0
0
0
0
0
0
0
0
0
0
0
0
0
0
0
0
0
0
0
10000
12
10000
920423329
10000
16033
16043
16037
16038
16043
16047
16045
16036
16045
16052
16037
16052
16064
16038
16049
16051
16034
16053
16054
16044
16045
16058
16054
16054
16048
16045
16045
16049
16033
16032
16038
0
0
0
0
0
0
0
0
0
0
0
0
0
0
0
0
0
0
0
0
0
0
0
0
0
0
0
0
0
10000
11
10000
922878293
10000
16380
16342
16371
16374
16344
16379
16369
16346
16377
16374
16344
16368
16371
16344
16369
16366
16355
16364
16367
16355
16359
16360
16349
16374
16369
16354
16374
16374
16349
16352
16370
0
0
0
0
0
0
0
0
0
0
0
0
0
0
0
0
0
0
0
0
0
0
0
0
0
0
0
0
0
10000
12
10000
923611208
10000
16033
16028
16037
16053
16028
16048
16030
16040
16037
16038
16029
16037
16058
16036
16054
16048
16045
16041
16050
16038
16045
16049
16042
16031
16044
16051
16038
16044
16035
16042
16053
0
0
0
0
0
0
0
0
0
0
0
0
0
0
0
0
0
0
0
0
0
0
0
0
0
0
0
0
0
10000
11
10000
926067251
10000
16374
16347
16371
16374
16363
16371
16364
16359
16357
16358
16356
16363
16381
16365
16359
16360
16363
16360
16349
16359
16342
16360
16363
16354
16346
16371
16356
16350
16370
16375
16380
0
0
0
0
0
0
0
0
0
0
0
0
0
0
0
0
0
0
0
0
0
0
0
0
0
0
0
0
0
10000
12
10000
926800050
10000
16045
16065
16047
16053
16049
16049
16049
16049
16055
16056
16045
16036
16063
16056
16058
16047
16066
16040
16054
16054
16030
16038
16049
16041
16055
16048
16039
16059
16046
16043
16044
0
0
0
0
0
0
0
0
0
0
0
0
0
0
0
0
0
0
0
0
0
0
0
0
0
0
0
0
0
10000
11
10000
929254109
10000
16349
16383
16352
16336
16370
16347
16344
16379
16352
16345
16383
16336
16351
16372
16340
16333
16368
16348
16341
16376
16337
16345
16360
16353
16359
16358
16358
16374
16356
16359
16366
0
0
0
0
0
0
0
0
0
0
0
0
0
0
0
0
0
0
0
0
0
0
0
0
0
0
0
0
0
10000
12
10000
929987942
10000
16046
16034
16041
16029
16045
16039
16033
16036
16046
16035
16028
16047
16028
16034
16029
16038
16008
16045
16027
16031
16033
16017
16015
16042
16022
16033
16038
16028
16030
16034
16018
0
0
0
0
0
0
0
0
0
0
0
0
0
0
0
0
0
0
0
0
0
0
0
0
0
0
0
0
0
10000
11
10000
932442059
10000
16375
16356
16364
16363
16349
16363
16366
16352
16361
16356
16361
16366
16361
16352
16371
16373
16359
16365
16376
16349
16383
16369
16356
16381
16367
16351
16361
16380
16345
16356
16384
0
0
0
0
0
0
0
0
0
0
0
0
0
0
0
0
0
0
0
0
0
0
0
0
0
0
0
0
0
10000
12
10000
933174957
10000
16018
16015
16028
16027
16042
16036
16050
16044
16039
16041
16030
16043
16049
16030
16048
16059
16043
16042
16039
16057
16063
16044
16039
16053
16030
16030
16032
16047
16049
16038
16042
0
0
0
0
0
0
0
0
0
0
0
0
0
0
0
0
0
0
0
0
0
0
0
0
0
0
0
0
0
10000
11
10000
935628054
10000
16380
16348
16375
16383
16350
16364
16374
16353
16376
16371
16349
16372
16358
16366
16362
16357
16368
16345
16348
16362
16354
16368
16359
16354
16359
16366
16348
16351
16355
16363
16363
0
0
0
0
0
0
0
0
0
0
0
0
0
0
0
0
0
0
0
0
0
0
0
0
0
0
0
0
0
10000
12
10000
936361932
10000
16062
16060
16059
16033
16040
16039
16058
16045
16045
16044
16052
16044
16051
16043
16041
16049
16038
16035
16048
16040
16050
16045
16043
16038
16056
16051
16058
16051
16053
16035
16051
0
0
0
0
0
0
0
0
0
0
0
0
0
0
0
0
0
0
0
0
0
0
0
0
0
0
0
0
0
