10000
11
10000
938818555
10000
16360
16361
16367
16356
16362
16347
16341
16378
16346
16340
16371
16355
16367
16355
16361
16353
16355
16355
16348
16364
16357
16357
16369
16348
16346
16372
16345
16360
16363
16371
16354
0
0
0
0
0
0
0
0
0
0
0
0
0
0
0
0
0
0
0
0
0
0
0
0
0
0
0
0
0
10000
12
10000
939552948
10000
16046
16045
16049
16049
16056
16058
16044
16057
16055
16052
16051
16045
16040
16042
16043
16043
16041
16049
16057
16027
16024
16020
16042
16034
16037
16057
16044
16040
16058
16038
16054
0
0
0
0
0
0
0
0
0
0
0
0
0
0
0
0
0
0
0
0
0
0
0
0
0
0
0
0
0
10000
11
10000
942008083
10000
16369
16363
16359
16352
16356
16359
16361
16352
16369
16369
16349
16376
16366
16363
16369
16393
16335
16378
16377
16361
16362
16344
16361
16360
16365
16342
16384
16387
16315
16334
16329
0
0
0
0
0
0
0
0
0
0
0
0
0
0
0
0
0
0
0
0
0
0
0
0
0
0
0
0
0
10000
12
10000
942741021
10000
16052
16034
16049
16042
16042
16049
16040
16046
16036
16048
16064
16044
16049
16029
16070
16024
16059
16064
16036
16071
16048
16048
16029
16067
16036
16048
16015
16034
15960
16118
15961
0
0
0
0
0
0
0
0
0
0
0
0
0
0
0
0
0
0
0
0
0
0
0
0
0
0
0
0
0
10000
11
10000
945195281
10000
16367
16343
16216
16535
16182
16228
16486
16283
16312
16404
16341
16256
16423
16377
16382
16350
16306
16541
16582
16205
16491
16407
16323
16372
16306
16411
16358
16356
16352
16395
16492
0
0
0
0
0
0
0
0
0
0
0
0
0
0
0
0
0
0
0
0
0
0
0
0
0
0
0
0
0
10000
12
10000
945928927
10000
16039
15993
16086
16107
16010
16082
16042
16004
16027
16143
16013
16041
15995
16015
16048
16014
16157
16015
16021
16038
16022
16031
16020
16049
16022
16033
16035
16034
16032
16052
16012
0
0
0
0
0
0
0
0
0
0
0
0
0
0
0
0
0
0
0
0
0
0
0
0
0
0
0
0
0
10000
11
10000
948382829
10000
16255
16468
16398
16317
16389
16380
16376
16349
16371
16358
16380
16329
16351
16367
16351
16351
16364
16360
16366
16363
16355
16345
16365
16367
16360
16370
16365
16366
16363
16388
16375
0
0
0
0
0
0
0
0
0
0
0
0
0
0
0
0
0
0
0
0
0
0
0
0
0
0
0
0
0
10000
12
10000
949115648
10000
16036
16031
16034
16029
16024
16035
16038
16043
16043
16051
16020
16032
16043
16042
16043
16043
16019
16051
16040
16033
16050
16042
16042
16039
16045
16034
16049
16037
16037
16017
16038
0
0
0
0
0
0
0
0
0
0
0
0
0
0
0
0
0
0
0
0
0
0
0
0
0
0
0
0
0
10000
11
10000
951569648
10000
16365
16360
16360
16360
16369
16387
16343
16349
16366
16377
16368
16380
16348
16365
16351
16352
16358
16370
16366
16348
16362
16355
16369
16355
16369
16360
16354
16367
16358
16373
16378
0
0
0
0
0
0
0
0
0
0
0
0
0
0
0
0
0
0
0
0
0
0
0
0
0
0
0
0
0
10000
12
10000
952303788
10000
16053
16044
16050
16055
16062
16058
16064
16062
16044
16051
16075
16057
16053
16056
16048
16055
16069
16060
16054
16065
16043
16050
16049
16054
16049
16050
16048
16052
16049
16052
16032
0
0
0
0
0
0
0
0
0
0
0
0
0
0
0
0
0
0
0
0
0
0
0
0
0
0
0
0
0
10000
11
10000
954757381
10000
16348
16365
16338
16371
16365
16373
16358
16362
16351
16368
16358
16371
16362
16357
16363
16362
16361
16371
16369
16359
16354
16371
16360
16364
16362
16356
16361
16359
16375
16354
16358
0
0
0
0
0
0
0
0
0
0
0
0
0
0
0
0
0
0
0
0
0
0
0
0
0
0
0
0
0
10000
12
10000
955491302
10000
16033
16048
16049
16029
16047
16048
16036
16054
16041
16027
16046
16024
16042
16062
16033
16044
16044
16036
16040
16043
16034
16035
16042
16038
16047
16040
16044
16048
16031
16046
16055
0
0
0
0
0
0
0
0
0
0
0
0
0
0
0
0
0
0
0
0
0
0
0
0
0
0
0
0
0
10000
11
10000
957945036
10000
16375
16353
16347
16370
16356
16356
16347
16362
16361
16366
16357
16357
16351
16364
16351
16361
16365
16353
16347
16362
16350
16361
16378
16371
16361
16352
16362
16366
16369
16379
16357
0
0
0
0
0
0
0
0
0
0
0
0
0
0
0
0
0
0
0
0
0
0
0
0
0
0
0
0
0
10000
12
10000
958678876
10000
16044
16030
16043
16031
16026
16058
16031
16034
16051
16045
16033
16053
16034
16040
16052
16036
16046
16043
16045
16037
16047
16049
16055
16047
16053
16058
16045
16053
16051
16030
16050
0
0
0
0
0
0
0
0
0
0
0
0
0
0
0
0
0
0
0
0
0
0
0
0
0
0
0
0
0
10000
11
10000
961134740
10000
16365
16356
16363
16360
16355
16365
16361
16363
16363
16365
16354
16352
16372
16346
16362
16370
16353
16364
16358
16354
16376
16358
16369
16365
16362
16351
16365
16368
16369
16358
16356
0
0
0
0
0
0
0
0
0
0
0
0
0
0
0
0
0
0
0
0
0
0
0
0
0
0
0
0
0
10000
12
10000
961867679
10000
16052
16042
16046
16053
16041
16038
16066
16044
16060
16065
16049
16056
16057
16051
16046
16053
16039
16053
16039
16050
16045
16042
16047
16055
16056
16052
16056
16052
16047
16037
16045
0
0
0
0
0
0
0
0
0
0
0
0
0
0
0
0
0
0
0
0
0
0
0
0
0
0
0
0
0
10000
11
10000
964323727
10000
16360
16356
16353
16367
16358
16365
16358
16361
16353
16360
16363
16359
16358
16357
16356
16363
16357
16353
16362
16363
16354
16366
16366
16361
16359
16353
16365
16349
16382
16381
16376
0
0
0
0
0
0
0
0
0
0
0
0
0
0
0
0
0
0
0
0
0
0
0
0
0
0
0
0
0
10000
12
10000
966043225
10000
16061
16049
16049
16054
16058
16046
16060
16069
16052
16057
16054
16046
16060
16054
16053
16054
16050
16052
16045
16056
16053
16061
16066
16073
16055
16054
16049
16049
16065
16051
16042
16070
16063
16049
16068
16060
16051
16074
16068
16053
16070
0
0
0
0
0
0
0
0
0
0
0
0
0
0
0
0
0
0
0
10000
11
10000
970471853
10000
16341
16373
16367
16351
16368
16360
16357
16367
16370
16356
16356
16361
16357
16374
16366
16350
16370
16353
16360
16368
16359
16351
16362
16367
16367
16361
16365
16366
16357
16376
16349
16370
16374
16355
16384
16361
16357
16376
16345
16355
16345
16401
16357
16358
16355
16356
16345
16370
16386
16384
16382
16351
16366
16355
16369
16360
16373
16360
16359
16371
10000
12
10000
972190188
10000
16053
16044
16069
16066
16045
16065
16061
16049
16053
16068
16053
16056
16050
16069
16059
16060
16068
16054
16063
16068
16047
16060
16070
16078
16044
16067
16043
16067
16024
16058
16067
16049
16046
16068
16024
16035
16062
16057
16047
16045
16083
16046
16037
16050
16059
16054
16041
16037
16061
16024
16057
16068
16036
16048
16053
16057
16075
16051
16050
16054
10000
11
10000
976616068
10000
16345
16377
16396
16344
16363
16371
16349
16361
16375
16354
16359
16348
16343
16381
16375
16336
16379
16360
16357
16368
16362
16354
16356
16335
16363
16357
16353
16377
16367
16355
16359
16368
16364
16364
16362
16360
16357
16342
16364
16362
16344
16369
16370
16359
16370
16379
16347
16375
16380
16373
16365
16359
16381
16362
16352
16374
16358
16380
16357
16370
10000
12
10000
978336527
10000
16058
16060
16056
16065
16043
16047
16030
16037
16051
16053
16043
16040
16045
16048
16048
16057
16065
16040
16055
16060
16045
16057
16076
16054
16057
16047
16042
16056
16044
16042
16037
16036
16039
16060
16046
16042
16051
16045
16047
16044
16048
16047
16043
16043
16038
16055
16054
16045
16043
16052
16042
16051
16050
16069
16035
16063
16058
16054
16052
16048
10000
11
10000
982761683
10000
16348
16369
16375
16342
16370
16367
16358
16371
16364
16358
16371
16364
16361
16365
16363
16367
16355
16364
16354
16369
16360
16371
16362
16365
16371
16360
16360
16365
16357
16367
16354
16345
16362
16370
16355
16360
16366
16358
16346
16361
16359
16362
16369
16346
16374
16367
16347
16370
16362
16362
16344
16372
16367
16347
16369
16357
16362
16367
16374
16353
10000
12
10000
984479926
10000
16065
16031
16040
16044
16050
16046
16044
16054
16047
16040
16045
16049
16046
16073
16043
16055
16050
16046
16060
16034
16037
16052
16048
16040
16057
16030
16044
16045
16059
16040
16064
16045
16056
16061
16055
16047
16069
16057
16043
16048
16057
16068
16053
16069
16043
16051
16050
16047
16064
16075
16067
16066
16073
16074
16052
16072
16083
16068
16064
16083
10000
11
10000
988905774
10000
16361
16370
16357
16367
16362
16361
16360
16358
16363
16351
16367
16362
16386
16362
16370
16366
16358
16352
16380
16349
16379
16373
16355
16376
16369
16352
16368
16373
16352
16368
16366
16356
16354
16382
16337
16379
16379
16355
16377
16369
16368
16370
16374
16353
16372
16371
16359
16361
16355
16362
16360
16367
16371
16349
16377
16352
16359
16369
16354
16356
10000
12
10000
989638748
10000
16059
16063
16067
16052
16047
16066
16066
16049
16073
16064
16061
16053
16072
16061
16062
16066
16064
16054
16066
16044
16029
16064
16048
16031
16042
16027
16023
16048
16029
16032
16047
16032
16049
16039
16039
16040
16035
16040
16040
16037
16039
16042
16034
16046
16031
16038
16049
16040
16057
16062
0
0
0
0
0
0
0
0
0
0
10000
11
10000
992092685
10000
16365
16352
16376
16368
16365
16380
16370
16351
16367
16372
16354
16375
16369
16343
16376
16372
16350
16384
16371
16337
16365
16368
16348
16379
16386
16336
16382
16382
16331
16355
16377
0
0
0
0
0
0
0
0
0
0
0
0
0
0
0
0
0
0
0
0
0
0
0
0
0
0
0
0
0
10000
12
10000
992825698
10000
16042
16044
16060
16060
16053
16064
16045
16034
16049
16029
16040
16037
16042
16038
16050
16055
16043
16048
16030
16042
16049
16059
16042
16037
16070
16051
16044
16069
16060
16042
16070
16063
0
0
0
0
0
0
0
0
0
0
0
0
0
0
0
0
0
0
0
0
0
0
0
0
0
0
0
0
10000
11
10000
995279598
10000
16382
16346
16374
16380
16353
16359
16367
16348
16382
16376
16355
16368
16365
16372
16349
16359
16370
16370
16370
16350
16359
16338
16380
16348
16345
16375
16345
16399
16320
16331
16391
0
0
0
0
0
0
0
0
0
0
0
0
0
0
0
0
0
0
0
0
0
0
0
0
0
0
0
0
0
10000
12
10000
996012546
10000
16046
16076
16078
16039
16054
16048
16061
16065
16026
16059
16078
16062
16053
16058
16074
16075
16064
16064
16068
16033
16116
16061
16043
16078
16064
15899
16142
16124
16142
16095
16059
0
0
0
0
0
0
0
0
0
0
0
0
0
0
0
0
0
0
0
0
0
0
0
0
0
0
0
0
0
10000
11
10000
998467594
10000
16464
16251
16363
16266
16434
16330
16336
16349
16383
16394
16341
16341
16304
16381
16338
16378
16350
16374
16351
16378
16332
16342
16379
16345
16345
16369
16345
16348
16371
16369
16344
0
0
0
0
0
0
0
0
0
0
0
0
0
0
0
0
0
0
0
0
0
0
0
0
0
0
0
0
0
10000
12
10000
1000186064
10000
16055
16138
16134
16018
16055
16095
16105
16086
16041
16076
16050
16062
16055
16057
16057
16043
16052
16036
16062
16047
16047
16057
16043
16044
16058
16050
16035
16056
16036
16055
16055
16061
16057
16078
16046
16058
16059
16065
16045
16071
0
0
0
0
0
0
0
0
0
0
0
0
0
0
0
0
0
0
0
0
10000
11
10000
1004610992
10000
16350
16351
16375
16351
16363
16366
16378
16355
16373
16372
16356
16361
16347
16364
16359
16365
16364
16379
16348
16362
16347
16363
16357
16373
16378
16334
16381
16367
16351
16376
16388
16336
16378
16379
16354
16372
16375
16345
16374
16368
16343
16372
16374
16346
16370
16357
16349
16364
16364
16353
16354
16367
16359
16347
16367
16355
16359
16366
16347
16365
10000
12
10000
1006328555
10000
16054
16077
16058
16062
16044
16041
16036
16045
16040
16068
16043
16019
16044
16048
16027
16024
16045
16029
16038
16024
16010
16026
16021
15997
16032
16020
15999
16021
16038
16024
16036
16042
16040
16041
16053
16029
16024
16027
16041
16033
16042
16050
16056
16063
16069
16053
16070
16059
16052
16068
16073
16076
16056
16070
16079
16064
16067
16070
16064
16061
10000
11
10000
1010755236
10000
16360
16370
16360
16360
16377
16372
16352
16365
16380
16359
16380
16355
16346
16365
16376
16337
16379
16370
16350
16376
16373
16346
16385
16381
16347
16363
16379
16342
16382
16374
16338
16379
16378
16351
16377
16389
16358
16364
16365
16348
16363
16373
16354
16372
16363
16352
16369
16372
16352
16361
16357
16365
16369
16370
16361
16348
16355
16369
16376
16349
10000
12
10000
1012473606
10000
16066
16077
16068
16073
16058
16060
16051
16062
16051
16066
16048
16055
16054
16065
16052
16052
16072
16046
16066
16056
16053
16048
16046
16043
16054
16054
16047
16065
16040
16059
16048
16042
16051
16057
16050
16034
16047
16046
16050
16048
16055
16033
16041
16047
16039
16024
16042
16030
16028
16045
16033
16050
16034
16051
16042
16033
16044
16050
16043
16053
10000
11
10000
1014927536
10000
16355
16370
16338
16361
16369
16353
16343
16381
16347
16337
16374
16349
16358
16374
16348
16345
16376
16355
16346
16368
16357
16337
16387
16354
16339
16385
16347
16339
16375
16339
16346
16359
16346
16351
16370
16358
16363
16362
16370
16362
16363
0
0
0
0
0
0
0
0
0
0
0
0
0
0
0
0
0
0
0
10000
12
10000
1015661503
10000
16040
16042
16031
16049
16035
16049
16041
16060
16058
16047
16056
16043
16047
16032
16038
16044
16038
16029
16054
16042
16042
16054
16047
16042
16058
16030
16049
16049
16038
16045
16059
16061
0
0
0
0
0
0
0
0
0
0
0
0
0
0
0
0
0
0
0
0
0
0
0
0
0
0
0
0
10000
11
10000
1019111785
10000
16348
16377
16358
16372
16367
16358
16362
16368
16353
16352
16367
16351
16349
16381
16344
16345
16388
16335
16355
16388
16350
16341
16369
16354
16344
16369
16351
16344
16378
16357
16344
16367
16358
16344
16369
16361
16356
16356
16350
16346
16358
0
0
0
0
0
0
0
0
0
0
0
0
0
0
0
0
0
0
0
10000
12
10000
1019844788
10000
16055
16051
16060
16061
16067
16071
16069
16066
16066
16047
16058
16063
16047
16052
16059
16046
16057
16075
16049
16063
16074
16060
16050
16069
16053
16056
16059
16053
16055
16053
16063
16063
16065
16078
16082
16083
16075
16068
16070
16088
16085
0
0
0
0
0
0
0
0
0
0
0
0
0
0
0
0
0
0
0
10000
11
10000
1022299817
10000
16377
16355
16357
16377
16354
16347
16367
16354
16357
16357
16357
16369
16352
16370
16377
16353
16368
16344
16354
16372
16353
16351
16379
16361
16344
16363
16339
16343
16377
16335
16335
16377
0
0
0
0
0
0
0
0
0
0
0
0
0
0
0
0
0
0
0
0
0
0
0
0
0
0
0
0
10000
11
10000
1025488714
10000
16378
16331
16392
16387
16340
16389
16380
16341
16383
16379
16332
16371
16369
16337
16386
16372
16344
16395
16384
16345
16378
16379
16347
16379
16380
16352
16380
16365
16354
16363
16363
0
0
0
0
0
0
0
0
0
0
0
0
0
0
0
0
0
0
0
0
0
0
0
0
0
0
0
0
0
10000
12
10000
1026221722
10000
16072
16051
16051
16061
16047
16062
16059
16047
16065
16066
16046
16064
16061
16069
16055
16051
16060
16054
16076
16061
16055
16063
16064
16050
16067
16060
16068
16059
16058
16039
16065
0
0
0
0
0
0
0
0
0
0
0
0
0
0
0
0
0
0
0
0
0
0
0
0
0
0
0
0
0
10000
11
10000
1029671967
10000
16364
16351
16366
16367
16364
16356
16358
16367
16368
16355
16363
16357
16334
16392
16337
16351
16378
16338
16340
16375
16336
16333
16397
16343
16341
16390
16334
16343
16385
16387
16348
16345
16380
16341
16327
16383
16341
16335
16384
16346
16343
0
0
0
0
0
0
0
0
0
0
0
0
0
0
0
0
0
0
0
10000
12
10000
1031390574
10000
16070
16060
16049
16072
16060
16051
16075
16057
16059
16055
16053
16057
16056
16052
16039
16048
16043
16040
16051
16053
16060
16056
16066
16057
16060
16057
16056
16051
16064
16045
16056
16059
16045
16046
16077
16068
16070
16072
16067
16070
16060
16076
16062
16045
16058
16058
16050
16065
16065
16071
0
0
0
0
0
0
0
0
0
0
10000
11
10000
1034829998
10000
16378
16353
16353
16369
16363
16350
16381
16355
16353
16368
16364
16353
16359
16368
16363
16357
16371
16366
16355
16365
16373
16350
16373
16365
16359
16362
16380
16342
16367
16373
16342
16383
16377
16338
16376
16369
16344
16367
16383
16341
16370
16379
16346
16362
16367
16345
16380
16371
16342
16339
0
0
0
0
0
0
0
0
0
0
10000
12
10000
1035563078
10000
16058
16051
16050
16060
16056
16050
16066
16063
16049
16073
16064
16047
16073
16061
16055
16068
16055
16058
16063
16052
16079
16062
16045
16049
16040
16059
16049
16071
16068
16059
16058
16054
16060
16051
16065
16058
16059
16070
16075
16062
16072
0
0
0
0
0
0
0
0
0
0
0
0
0
0
0
0
0
0
0
10000
11
10000
1038021891
10000
16375
16352
16349
16378
16356
16355
16378
16351
16360
16362
16361
16352
16373
16361
16371
16365
16374
16366
16370
16361
16368
16356
16365
16380
16358
16374
16367
16355
16370
16377
16342
16339
0
0
0
0
0
0
0
0
0
0
0
0
0
0
0
0
0
0
0
0
0
0
0
0
0
0
0
0
10000
12
10000
1038753959
10000
16063
16062
16069
16066
16050
16076
16063
16068
16059
16060
16066
16069
16067
16064
16068
16063
16063
16063
16077
16062
16054
16062
16064
16064
16054
16065
16056
16073
16072
16063
16068
16066
0
0
0
0
0
0
0
0
0
0
0
0
0
0
0
0
0
0
0
0
0
0
0
0
0
0
0
0
10000
11
10000
1041208761
10000
16380
16333
16352
16371
16343
16341
16388
16331
16338
16383
16343
16337
16378
16341
16336
16378
16336
16341
16382
16341
16344
16371
16346
16352
16367
16344
16352
16358
16367
16364
16358
0
0
0
0
0
0
0
0
0
0
0
0
0
0
0
0
0
0
0
0
0
0
0
0
0
0
0
0
0
10000
12
10000
1041943888
10000
16068
16061
16075
16060
16078
16077
16063
16068
16057
16050
16058
16062
16045
16063
16054
16049
16061
16036
16063
16052
16057
16061
16058
16057
16048
16043
16042
16052
16046
16064
16051
0
0
0
0
0
0
0
0
0
0
0
0
0
0
0
0
0
0
0
0
0
0
0
0
0
0
0
0
0
10000
11
10000
1044398678
10000
16359
16362
16350
16365
16352
16355
16367
16365
16389
16354
16363
16375
16344
16381
16384
16345
16378
16374
16345
16385
16364
16350
16380
16376
16345
16377
16386
16345
16375
16387
16382
0
0
0
0
0
0
0
0
0
0
0
0
0
0
0
0
0
0
0
0
0
0
0
0
0
0
0
0
0
