10000
11
10000
3948255837
10000
16325
16354
16340
16343
16348
16320
16366
16332
16375
16291
16484
16477
16306
16352
16158
16575
16168
16298
16343
16360
16325
16387
16308
16353
16331
16365
16332
16346
16334
16333
16330
0
0
0
0
0
0
0
0
0
0
0
0
0
0
0
0
0
0
0
0
0
0
0
0
0
0
0
0
0
10000
12
10000
3948989211
10000
16340
16739
16216
16193
16670
16377
16576
16354
16568
16588
16435
16495
16423
16466
16442
16462
16473
16494
16455
16436
16519
16452
16430
16512
16427
16451
16482
16432
16436
16474
16480
0
0
0
0
0
0
0
0
0
0
0
0
0
0
0
0
0
0
0
0
0
0
0
0
0
0
0
0
0
10000
11
10000
3951444385
10000
16355
16338
16327
16371
16334
16335
16367
16318
16323
16365
16327
16330
16350
16342
16328
16339
16328
16339
16366
16329
16341
16357
16339
16347
16358
16336
16336
16350
16343
16337
16356
0
0
0
0
0
0
0
0
0
0
0
0
0
0
0
0
0
0
0
0
0
0
0
0
0
0
0
0
0
10000
12
10000
3952178825
10000
16486
16486
16467
16483
16471
16460
16493
16467
16455
16492
16443
16451
16511
16438
16446
16507
16445
16429
16516
16430
16482
16495
16443
16499
16492
16442
16493
16487
16450
16464
16467
0
0
0
0
0
0
0
0
0
0
0
0
0
0
0
0
0
0
0
0
0
0
0
0
0
0
0
0
0
10000
11
10000
3954635453
10000
16345
16347
16340
16347
16344
16345
16342
16353
16340
16345
16363
16355
16348
16348
16359
16337
16353
16346
16332
16359
16361
16334
16359
16352
16343
16361
16366
16318
16363
16357
16363
0
0
0
0
0
0
0
0
0
0
0
0
0
0
0
0
0
0
0
0
0
0
0
0
0
0
0
0
0
10000
12
10000
3955369274
10000
16467
16470
16459
16456
16491
16453
16437
16495
16445
16427
16498
16436
16487
16476
16441
16490
16500
16436
16489
16489
16431
16475
16494
16437
16428
16462
16441
16464
16449
16455
16451
0
0
0
0
0
0
0
0
0
0
0
0
0
0
0
0
0
0
0
10000
11
10000
3957824371
10000
16337
16350
16367
16330
16356
16356
16284
16425
16395
16336
16361
16343
16346
16355
16343
16365
16322
16326
16353
16329
16336
16353
16334
16337
16330
16342
16335
16351
16350
16340
16329
0
0
0
0
0
0
0
0
0
0
0
0
0
0
0
0
0
0
0
0
0
0
0
0
0
0
0
0
0
10000
12
10000
3958557692
10000
16437
16345
16584
16336
16608
16608
16357
16594
16579
16382
16541
16484
16482
16467
16459
16484
16456
16465
16461
16471
16451
16447
16484
16434
16431
16503
16426
16433
16505
16491
16453
0
0
0
0
0
0
0
0
0
0
0
0
0
0
0
0
0
0
0
0
0
0
0
0
0
0
0
0
0
10000
11
10000
3961014819
10000
16358
16325
16325
16358
16335
16335
16366
16335
16331
16362
16335
16327
16339
16340
16343
16343
16329
16327
16370
16341
16360
16341
16359
16334
16378
16322
16353
16340
16358
16354
16330
0
0
0
0
0
0
0
0
0
0
0
0
0
0
0
0
0
0
0
0
0
0
0
0
0
0
0
0
0
10000
12
10000
3961749048
10000
16456
16472
16468
16474
16455
16481
16479
16444
16483
16448
16454
16488
16468
16457
16505
16456
16432
16498
16441
16415
16508
16427
16413
16486
16425
16425
16494
16408
16508
16508
16493
0
0
0
0
0
0
0
0
0
0
0
0
0
0
0
0
0
0
0
0
0
0
0
0
0
0
0
0
0
10000
11
10000
3964204592
10000
16358
16346
16352
16324
16369
16355
16350
16345
16346
16349
16353
16366
16342
16357
16371
16338
16354
16350
16348
16341
16340
16333
16352
16352
16346
16352
16337
16348
16343
16336
16337
0
0
0
0
0
0
0
0
0
0
0
0
0
0
0
0
0
0
0
0
0
0
0
0
0
0
0
0
0
10000
12
10000
3964937510
10000
16420
16466
16436
16458
16430
16434
16473
16441
16433
16467
16439
16437
16446
16441
16446
16467
16427
16457
16442
16437
16483
16505
16386
16512
16501
16409
16468
16474
16423
16418
16486
0
0
0
0
0
0
0
0
0
0
0
0
0
0
0
0
0
0
0
0
0
0
0
0
0
0
0
0
0
10000
11
10000
3967392659
10000
16340
16357
16367
16343
16348
16345
16352
16340
16337
16329
16354
16345
16341
16352
16346
16337
16358
16338
16344
16342
16340
16333
16350
16328
16351
16345
16351
16350
16337
16340
16346
0
0
0
0
0
0
0
0
0
0
0
0
0
0
0
0
0
0
0
0
0
0
0
0
0
0
0
0
0
10000
12
10000
3968126010
10000
16470
16456
16449
16451
16455
16454
16466
16449
16464
16461
16466
16467
16464
16477
16459
16466
16478
16440
16473
16486
16458
16466
16466
16460
16477
16442
16440
16456
16446
16446
16457
0
0
0
0
0
0
0
0
0
0
0
0
0
0
0
0
0
0
0
0
0
0
0
0
0
0
0
0
0
10000
11
10000
3970582152
10000
16349
16339
16329
16372
16316
16314
16356
16333
16340
16350
16345
16332
16359
16327
16334
16339
16349
16345
16356
16334
16340
16364
16341
16344
16361
16344
16339
16346
16345
16341
16357
0
0
0
0
0
0
0
0
0
0
0
0
0
0
0
0
0
0
0
0
0
0
0
0
0
0
0
0
0
10000
12
10000
3971315469
10000
16451
16444
16452
16457
16460
16472
16438
16462
16477
16449
16468
16468
16459
16457
16444
16450
16479
16435
16415
16503
16440
16435
16498
16448
16441
16482
16457
16447
16472
16455
16459
0
0
0
0
0
0
0
0
0
0
0
0
0
0
0
0
0
0
0
0
0
0
0
0
0
0
0
0
0
10000
11
10000
3973770665
10000
16347
16354
16343
16353
16343
16355
16343
16351
16331
16344
16365
16357
16330
16349
16349
16337
16346
16363
16337
16355
16353
16325
16359
16355
16338
16353
16342
16346
16348
16354
16334
0
0
0
0
0
0
0
0
0
0
0
0
0
0
0
0
0
0
0
0
0
0
0
0
0
0
0
0
0
10000
12
10000
3974504166
10000
16465
16454
16465
16458
16461
16457
16459
16452
16466
16448
16433
16474
16438
16429
16472
16450
16434
16470
16438
16438
16465
16444
16476
16487
16439
16490
16484
16455
16475
16473
16484
0
0
0
0
0
0
0
0
0
0
0
0
0
0
0
0
0
0
0
0
0
0
0
0
0
0
0
0
0
10000
11
10000
3976960244
10000
16341
16351
16341
16333
16340
16355
16350
16352
16348
16337
16353
16341
16334
16337
16340
16360
16353
16336
16360
16351
16337
16350
16344
16337
16346
16339
16319
16341
16339
16336
16341
0
0
0
0
0
0
0
0
0
0
0
0
0
0
0
0
0
0
0
0
0
0
0
0
0
0
0
0
0
10000
12
10000
3977696240
10000
16449
16498
16481
16459
16476
16475
16468
16468
16472
16464
16461
16466
16484
16446
16463
16454
16444
16450
16446
16458
16468
16455
16460
16469
16463
16467
16456
16473
16469
16469
16467
0
0
0
0
0
0
0
0
0
0
0
0
0
0
0
0
0
0
0
0
0
0
0
0
0
0
0
0
0
10000
11
10000
3980149866
10000
16352
16357
16352
16344
16366
16331
16346
16343
16341
16352
16344
16349
16349
16338
16353
16347
16338
16334
16356
16335
16347
16349
16355
16344
16348
16341
16346
16347
16351
16354
16343
0
0
0
0
0
0
0
0
0
0
0
0
0
0
0
0
0
0
0
0
0
0
0
0
0
0
0
0
0
10000
12
10000
3980884210
10000
16464
16444
16470
16453
16452
16471
16459
16458
16457
16463
16464
16458
16456
16454
16455
16454
16463
16447
16452
16457
16471
16465
16453
16460
16476
16446
16453
16473
16449
16447
16456
0
0
0
0
0
0
0
0
0
0
0
0
0
0
0
0
0
0
0
0
0
0
0
0
0
0
0
0
0
10000
11
10000
3983338316
10000
16359
16332
16343
16339
16343
16359
16336
16332
16346
16332
16337
16350
16347
16335
16365
16342
16347
16340
16352
16356
16340
16351
16336
16340
16338
16351
16345
16336
16342
16351
16349
0
0
0
0
0
0
0
0
0
0
0
0
0
0
0
0
0
0
0
0
0
0
0
0
0
0
0
0
0
10000
12
10000
3984070642
10000
16479
16455
16458
16474
16465
16473
16471
16477
16479
16460
16436
16478
16463
16473
16461
16469
16471
16453
16456
16457
16470
16461
16458
16472
16462
16478
16451
16471
16466
16451
16459
0
0
0
0
0
0
0
0
0
0
0
0
0
0
0
0
0
0
0
0
0
0
0
0
0
0
0
0
0
10000
11
10000
3987512843
10000
16343
16346
16353
16350
16345
16349
16368
16346
16350
16344
16351
16335
16341
16349
16347
16340
16349
16342
16367
16353
16344
16356
16339
16348
16355
16358
16337
16348
16358
16342
16330
16341
16333
16351
16347
16346
16352
16340
16348
16348
0
0
0
0
0
0
0
0
0
0
0
0
0
0
0
0
0
0
0
0
10000
12
10000
3988245298
10000
16463
16476
16461
16463
16459
16455
16457
16445
16461
16455
16455
16458
16444
16470
16450
16458
16464
16457
16470
16458
16453
16455
16451
16454
16455
16451
16469
16441
16461
16461
16471
16460
16458
16456
16454
16452
16454
16474
16453
16469
16466
0
0
0
0
0
0
0
0
0
0
0
0
0
0
0
0
0
0
0
10000
11
10000
3991695302
10000
16352
16340
16337
16339
16343
16350
16356
16351
16340
16346
16353
16338
16347
16345
16347
16357
16346
16350
16345
16344
16358
16339
16344
16366
16341
16333
16347
16343
16349
16346
16331
16333
16349
16341
16337
16362
16332
16337
16354
16328
16345
0
0
0
0
0
0
0
0
0
0
0
0
0
0
0
0
0
0
0
10000
12
10000
3992429077
10000
16457
16449
16459
16460
16455
16476
16459
16473
16452
16468
16470
16460
16453
16460
16460
16461
16470
16464
16471
16463
16451
16465
16482
16458
16469
16476
16470
16464
16478
16456
16475
16455
16453
16472
16449
16456
16467
16455
16455
16471
16480
0
0
0
0
0
0
0
0
0
0
0
0
0
0
0
0
0
0
0
10000
11
10000
3994883148
10000
16345
16355
16342
16349
16347
16350
16342
16340
16347
16353
16339
16340
16358
16361
16334
16354
16347
16351
16333
16340
16354
16325
16327
16343
16349
16334
16349
16328
16343
16358
16327
16334
0
0
0
0
0
0
0
0
0
0
0
0
0
0
0
0
0
0
0
0
0
0
0
0
0
0
0
0
10000
12
10000
3995617532
10000
16450
16483
16474
16458
16495
16458
16453
16471
16468
16448
16474
16456
16455
16463
16465
16461
16445
16506
16420
16457
16428
16457
16436
16475
16485
16439
16482
16472
16461
16456
16451
0
0
0
0
0
0
0
0
0
0
0
0
0
0
0
0
0
0
0
0
0
0
0
0
0
0
0
0
0
10000
11
10000
3998071482
10000
16355
16359
16321
16358
16358
16323
16357
16345
16338
16335
16344
16356
16344
16358
16340
16356
16338
16351
16344
16361
16338
16354
16348
16340
16358
16337
16350
16341
16347
16347
16364
0
0
0
0
0
0
0
0
0
0
0
0
0
0
0
0
0
0
0
0
0
0
0
0
0
0
0
0
0
10000
12
10000
3998804936
10000
16454
16463
16469
16474
16444
16470
16468
16453
16454
16460
16445
16460
16449
16454
16462
16458
16447
16454
16454
16465
16463
16476
16483
16463
16486
16408
16367
16565
16375
16421
16272
0
0
0
0
0
0
0
0
0
0
0
0
0
0
0
0
0
0
0
0
0
0
0
0
0
0
0
0
0
10000
11
10000
4001260953
10000
16321
16305
16364
16354
16339
16322
16463
16454
16282
16361
16333
16359
16341
16343
16318
16350
16274
16416
16327
16436
16282
16359
16277
16395
16315
16403
16301
16393
16320
16419
16420
0
0
0
0
0
0
0
0
0
0
0
0
0
0
0
0
0
0
0
0
0
0
0
0
0
0
0
0
0
10000
12
10000
4001993319
10000
16626
16337
16464
16427
16514
16540
16413
16569
16524
16405
16428
16425
16540
16425
16531
16509
16425
16461
16470
16471
16465
16547
16440
16579
16546
16406
16424
16466
16434
16500
16673
0
0
0
0
0
0
0
0
0
0
0
0
0
0
0
0
0
0
0
0
0
0
0
0
0
0
0
0
0
10000
11
10000
4004448291
10000
16288
16367
16336
16328
16286
16388
16332
16361
16281
16454
16387
16360
16318
16331
16369
16357
16342
16337
16329
16316
16355
16351
16344
16333
16365
16325
16368
16339
16363
16335
16351
0
0
0
0
0
0
0
0
0
0
0
0
0
0
0
0
0
0
0
0
0
0
0
0
0
0
0
0
0
10000
12
10000
4005181646
10000
16416
16467
16444
16475
16473
16468
16478
16491
16478
16473
16457
16453
16463
16465
16454
16471
16448
16493
16473
16491
16452
16477
16453
16447
16462
16470
16477
16484
16473
16470
16474
0
0
0
0
0
0
0
0
0
0
0
0
0
0
0
0
0
0
0
0
0
0
0
0
0
0
0
0
0
10000
11
10000
4007636724
10000
16350
16341
16351
16346
16349
16341
16355
16344
16339
16335
16327
16341
16356
16344
16350
16335
16348
16335
16342
16344
16351
16330
16360
16308
16369
16341
16356
16334
16356
16307
16295
0
0
0
0
0
0
0
0
0
0
0
0
0
0
0
0
0
0
0
0
0
0
0
0
0
0
0
0
0
10000
12
10000
4008372248
10000
16487
16459
16443
16470
16453
16458
16484
16461
16469
16481
16493
16489
16491
16470
16475
16493
16458
16467
16466
16472
16505
16458
16496
16424
16428
16515
16497
16363
16396
16505
16532
0
0
0
0
0
0
0
0
0
0
0
0
0
0
0
0
0
0
0
0
0
0
0
0
0
0
0
0
0
10000
11
10000
4010828144
10000
16363
16215
16465
16268
16341
16326
16372
16373
16340
16335
16327
16337
16378
16380
16327
16343
16342
16320
16394
16386
16338
16339
16308
16339
16377
16397
16319
16330
16332
16327
16370
0
0
0
0
0
0
0
0
0
0
0
0
0
0
0
0
0
0
0
0
0
0
0
0
0
0
0
0
0
10000
12
10000
4011560546
10000
16403
16465
16439
16477
16453
16445
16488
16518
16415
16508
16453
16511
16407
16443
16482
16453
16432
16497
16429
16505
16519
16463
16447
16513
16454
16550
16559
16347
16442
16467
16461
0
0
0
0
0
0
0
0
0
0
0
0
0
0
0
0
0
0
0
0
0
0
0
0
0
0
0
0
0
10000
11
10000
4014015616
10000
16458
16340
16284
16383
16395
16270
16469
16367
15356
16765
17059
16674
18611
20867
17015
19743
16476
9717
12448
18817
17257
19974
21364
16252
15860
14425
17749
15655
17365
15367
15511
0
0
0
0
0
0
0
0
0
0
0
0
0
0
0
0
0
0
0
0
0
0
0
0
0
0
0
0
0
10000
12
10000
4014749110
10000
16438
16483
16464
16448
16476
16504
16455
16460
16442
16442
16463
16454
16431
16467
16452
16442
16467
16449
16437
16466
16478
16478
16463
16482
16445
16458
16482
16450
16471
16490
16478
0
0
0
0
0
0
0
0
0
0
0
0
0
0
0
0
0
0
0
0
0
0
0
0
0
0
0
0
0
10000
11
10000
4017204162
10000
14708
14761
15909
18553
11848
14131
14572
21662
17043
19481
19962
17030
25795
17257
16908
15216
16803
17542
17527
16881
16460
16345
16072
16022
16635
17072
16931
16551
16264
16085
16098
0
0
0
0
0
0
0
0
0
0
0
0
0
0
0
0
0
0
0
0
0
0
0
0
0
0
0
0
0
10000
12
10000
4017937709
10000
16434
16446
16463
16444
16420
16557
16403
16434
16460
16466
16534
16340
16572
16525
16413
16495
16309
16267
16569
16411
16551
16410
16438
15837
17757
17223
16177
16613
17040
16916
16004
0
0
0
0
0
0
0
0
0
0
0
0
0
0
0
0
0
0
0
0
0
0
0
0
0
0
0
0
0
10000
11
10000
4020391527
10000
16862
16922
16792
16246
16194
16048
16255
16531
16800
16666
16363
16221
16109
16151
16344
16579
16694
16479
16285
16115
16148
16284
16613
16641
16537
16231
16167
16178
16388
16507
16527
0
0
0
0
0
0
0
0
0
0
0
0
0
0
0
0
0
0
0
0
0
0
0
0
0
0
0
0
0
10000
12
10000
4021125064
10000
16569
17271
16921
16377
16869
16909
16872
21265
15148
15661
16657
17020
18766
17531
15876
15753
15870
19470
15421
17968
17496
27502
17841
19492
17982
15506
15671
16851
12603
15722
15447
0
0
0
0
0
0
0
0
0
0
0
0
0
0
0
0
0
0
0
0
0
0
0
0
0
0
0
0
0
10000
11
10000
4024564152
10000
16271
16221
16204
16356
16447
16509
16421
16313
16261
16291
16337
16416
16505
16410
16348
16300
16289
16347
16377
16414
16401
16355
16312
16338
16332
16362
16372
16397
16377
16346
16336
16326
16350
16351
16393
16389
16372
16323
16306
16330
16382
0
0
0
0
0
0
0
0
0
0
0
0
0
0
0
0
0
0
0
10000
12
10000
4025296622
10000
17076
15800
15825
16780
18384
16316
16172
18862
15825
17048
16465
18399
16642
16902
16563
16121
16182
15702
30312
17268
18234
19473
20339
16834
14879
17125
17177
17224
17107
16392
16391
17515
14742
9466
28301
18989
15985
17405
16435
14745
17225
0
0
0
0
0
0
0
0
0
0
0
0
0
0
0
0
0
0
0
10000
11
10000
4028746329
10000
16404
16376
16355
16300
16328
16358
16371
16397
16377
16344
16311
16307
16364
16406
16410
16363
16300
16312
16317
16377
16398
16381
16337
16318
16320
16358
16382
16390
16377
16341
16331
16358
16365
16389
16360
16345
16341
16326
16347
16353
16360
0
0
0
0
0
0
0
0
0
0
0
0
0
0
0
0
0
0
0
10000
12
10000
4030466059
10000
15357
15986
16765
18696
14247
15671
16988
15735
15945
16927
15697
16196
16635
15791
16168
15745
11832
15450
14695
25386
20026
13139
13598
14527
12561
14222
21894
16514
16564
13509
17650
18823
20177
19650
15943
18331
11453
17751
18171
15750
15534
18262
14508
16468
17501
13541
22325
19044
17230
17720
0
0
0
0
0
0
0
0
0
0
10000
11
10000
4032921116
10000
16361
16369
16354
16348
16347
16345
16374
16363
16369
16351
16355
16340
16347
16377
16368
16364
16348
16343
16349
16358
16364
16370
16351
16355
16335
16339
16378
16374
16375
16362
16332
16340
16351
16380
16358
16366
16340
16345
16357
16362
0
0
0
0
0
0
0
0
0
0
0
0
0
0
0
0
0
0
0
0
