10000
12
10000
3849009676
10000
16465
16436
16470
16447
16463
16465
16463
16468
16448
16465
16464
16437
16484
16490
16435
16482
16481
16427
16487
16420
16444
16488
16427
16429
16470
16439
16430
16485
16438
16450
16451
0
0
0
0
0
0
0
0
0
0
0
0
0
0
0
0
0
0
0
0
0
0
0
0
0
0
0
0
0
10000
11
10000
3851464993
10000
16335
16313
16362
16328
16327
16364
16337
16346
16356
16332
16337
16359
16345
16346
16354
16345
16344
16353
16335
16337
16358
16341
16342
16358
16348
16349
16343
16353
16337
16349
16333
0
0
0
0
0
0
0
0
0
0
0
0
0
0
0
0
0
0
0
0
0
0
0
0
0
0
0
0
0
10000
12
10000
3852197870
10000
16471
16462
16474
16459
16466
16473
16445
16475
16462
16454
16483
16449
16454
16494
16448
16453
16502
16436
16434
16500
16419
16441
16501
16439
16478
16486
16450
16492
16482
16454
16472
0
0
0
0
0
0
0
0
0
0
0
0
0
0
0
0
0
0
0
0
0
0
0
0
0
0
0
0
0
10000
11
10000
3854655176
10000
16346
16354
16336
16351
16349
16345
16357
16361
16333
16354
16346
16341
16356
16353
16322
16350
16359
16337
16337
16359
16332
16354
16363
16342
16357
16351
16333
16362
16364
16329
16326
0
0
0
0
0
0
0
0
0
0
0
0
0
0
0
0
0
0
0
0
0
0
0
0
0
0
0
0
0
10000
12
10000
3855388022
10000
16470
16466
16461
16464
16451
16487
16437
16453
16482
16444
16444
16497
16434
16412
16491
16450
16502
16491
16447
16499
16503
16442
16506
16486
16445
16486
16477
16453
16481
16474
16462
0
0
0
0
0
0
0
0
0
0
0
0
0
0
0
0
0
0
0
0
0
0
0
0
0
0
0
0
0
10000
11
10000
3857842356
10000
16360
16350
16331
16365
16356
16333
16352
16341
16336
16349
16336
16340
16352
16341
16345
16336
16344
16345
16346
16343
16346
16344
16343
16349
16340
16332
16358
16335
16333
16370
16341
0
0
0
0
0
0
0
0
0
0
0
0
0
0
0
0
0
0
0
0
0
0
0
0
0
0
0
0
0
10000
12
10000
3858577299
10000
16462
16457
16452
16475
16430
16472
16487
16422
16488
16485
16421
16489
16491
16419
16494
16496
16432
16490
16475
16429
16485
16483
16440
16480
16455
16436
16471
16451
16451
16460
16457
0
0
0
0
0
0
0
0
0
0
0
0
0
0
0
0
0
0
0
0
0
0
0
0
0
0
0
0
0
10000
11
10000
3861033493
10000
16342
16336
16358
16346
16336
16350
16335
16335
16360
16321
16336
16361
16332
16338
16355
16347
16344
16358
16327
16341
16362
16335
16325
16342
16346
16336
16364
16328
16335
16354
16346
0
0
0
0
0
0
0
0
0
0
0
0
0
0
0
0
0
0
0
0
0
0
0
0
0
0
0
0
0
10000
12
10000
3861766506
10000
16460
16465
16433
16471
16481
16439
16483
16467
16424
16480
16474
16403
16490
16417
16410
16482
16424
16422
16479
16429
16441
16480
16440
16452
16478
16456
16463
16476
16480
16480
16493
0
0
0
0
0
0
0
0
0
0
0
0
0
0
0
0
0
0
0
0
0
0
0
0
0
0
0
0
0
10000
11
10000
3864222712
10000
16341
16358
16349
16338
16355
16345
16347
16342
16351
16344
16345
16343
16344
16347
16329
16349
16350
16349
16349
16334
16350
16350
16359
16340
16357
16351
16332
16354
16352
16327
16327
0
0
0
0
0
0
0
0
0
0
0
0
0
0
0
0
0
0
0
0
0
0
0
0
0
0
0
0
0
10000
12
10000
3864955646
10000
16457
16493
16517
16453
16492
16443
16440
16504
16441
16432
16510
16452
16446
16518
16440
16444
16499
16445
16438
16502
16456
16503
16476
16467
16466
16474
16478
16461
16469
16480
16469
0
0
0
0
0
0
0
0
0
0
0
0
0
0
0
0
0
0
0
0
0
0
0
0
0
0
0
0
0
10000
11
10000
3867411757
10000
16341
16357
16328
16354
16350
16334
16346
16328
16332
16335
16349
16341
16322
16352
16328
16335
16346
16319
16365
16360
16334
16359
16339
16345
16350
16348
16347
16349
16352
16338
16333
0
0
0
0
0
0
0
0
0
0
0
0
0
0
0
0
0
0
0
0
0
0
0
0
0
0
0
0
0
10000
12
10000
3868145148
10000
16446
16450
16494
16446
16433
16503
16431
16436
16499
16430
16495
16501
16437
16499
16511
16431
16504
16487
16444
16474
16483
16454
16467
16466
16473
16462
16452
16486
16454
16449
16445
0
0
0
0
0
0
0
0
0
0
0
0
0
0
0
0
0
0
0
0
0
0
0
0
0
0
0
0
0
10000
11
10000
3871596021
10000
16347
16338
16339
16350
16346
16357
16336
16350
16338
16358
16331
16354
16366
16328
16354
16348
16336
16365
16355
16331
16353
16350
16339
16353
16348
16342
16354
16354
16333
16359
16349
16358
16335
16366
16353
16330
16364
16349
16334
16341
16354
0
0
0
0
0
0
0
0
0
0
0
0
0
0
0
0
0
0
0
10000
12
10000
3873314080
10000
16494
16435
16492
16507
16431
16508
16492
16432
16498
16502
16431
16492
16497
16439
16482
16477
16438
16478
16436
16457
16464
16446
16463
16466
16476
16490
16446
16485
16493
16440
16486
16498
16415
16501
16535
16418
16502
16462
16483
16453
16476
16454
16433
16457
16446
16439
16463
16461
16474
16457
0
0
0
0
0
0
0
0
0
0
10000
11
10000
3875767453
10000
16323
16348
16350
16338
16350
16351
16338
16343
16336
16360
16330
16324
16356
16351
16352
16348
16356
16349
16337
16332
16336
16350
16357
16334
16349
16322
16324
16357
16329
16338
16351
16342
16344
16351
16336
16369
16353
16342
16323
16363
0
0
0
0
0
0
0
0
0
0
0
0
0
0
0
0
0
0
0
0
10000
12
10000
3876500488
10000
16445
16444
16440
16439
16438
16441
16463
16427
16422
16482
16414
16409
16482
16408
16485
16489
16417
16497
16496
16432
16488
16498
16432
16494
16503
16449
16470
16464
16445
16452
16444
16470
0
0
0
0
0
0
0
0
0
0
0
0
0
0
0
0
0
0
0
0
0
0
0
0
0
0
0
0
10000
11
10000
3878954735
10000
16365
16341
16349
16358
16330
16356
16361
16351
16353
16359
16348
16348
16368
16341
16353
16339
16335
16345
16347
16355
16353
16386
16324
16372
16340
16340
16343
16353
16323
16458
16383
16441
0
0
0
0
0
0
0
0
0
0
0
0
0
0
0
0
0
0
0
0
0
0
0
0
0
0
0
0
10000
12
10000
3879688671
10000
16451
16456
16467
16448
16444
16481
16437
16417
16481
16408
16400
16514
16448
16396
16488
16439
16432
16481
16426
16501
16482
16503
16432
16435
16437
16473
16469
16440
16456
16437
16415
0
0
0
0
0
0
0
0
0
0
0
0
0
0
0
0
0
0
0
0
0
0
0
0
0
0
0
0
0
10000
11
10000
3882143801
10000
16399
16324
16263
16304
16349
16417
16401
16343
16323
16304
16320
16366
16415
16333
16295
16327
16269
16342
16271
16499
16316
16379
16260
16334
16308
16429
16327
16350
16322
16311
16333
0
0
0
0
0
0
0
0
0
0
0
0
0
0
0
0
0
0
0
0
0
0
0
0
0
0
0
0
0
10000
12
10000
3883873006
10000
16459
16415
16440
16488
16459
16439
16297
16620
16313
16437
16401
16589
16589
16441
16430
16380
16532
16410
16497
16413
16540
16505
16427
16480
16524
16471
16495
16463
16463
16465
16466
16499
16458
16485
16469
16437
16489
16503
16408
16486
16513
0
0
0
0
0
0
0
0
0
0
0
0
0
0
0
0
0
0
0
10000
11
10000
3886327236
10000
16366
16354
16370
16359
16319
16351
16355
16344
16377
16339
16336
16342
16334
16336
16333
16344
16352
16336
16343
16349
16333
16328
16349
16350
16333
16352
16326
16325
16351
16333
16350
16367
16338
16316
16341
16316
16349
16371
16337
16319
16296
0
0
0
0
0
0
0
0
0
0
0
0
0
0
0
0
0
0
0
10000
12
10000
3887060217
10000
16402
16401
16525
16395
16390
16515
16402
16419
16497
16413
16413
16491
16457
16494
16472
16448
16472
16479
16491
16467
16449
16483
16433
16443
16501
16429
16407
16501
16413
16431
16427
0
0
0
0
0
0
0
0
0
0
0
0
0
0
0
0
0
0
0
0
0
0
0
0
0
0
0
0
0
10000
11
10000
3890509831
10000
16346
16335
16342
16381
16331
16323
16352
16315
16367
16371
16339
16356
16337
16323
16344
16364
16354
16352
16341
16323
16352
16349
16347
16361
16358
16328
16341
16348
16361
16340
16342
16348
16345
16327
16346
16347
16334
16361
16376
16333
16333
0
0
0
0
0
0
0
0
0
0
0
0
0
0
0
0
0
0
0
10000
12
10000
3892228248
10000
16508
16426
16514
16517
16416
16523
16497
16417
16492
16501
16444
16489
16491
16450
16471
16462
16479
16453
16466
16501
16441
16505
16504
16420
16513
16512
16417
16528
16515
16395
16504
16534
16418
16529
16521
16417
16513
16420
16436
16497
16439
16443
16483
16462
16469
16468
16467
16493
16450
16502
16513
0
0
0
0
0
0
0
0
0
10000
11
10000
3894681640
10000
16357
16330
16334
16357
16336
16328
16367
16333
16323
16374
16333
16327
16375
16316
16316
16357
16328
16332
16363
16333
16310
16368
16330
16341
16362
16333
16339
16352
16328
16345
16363
16343
16337
16344
16332
16338
16352
16335
16341
16349
16347
0
0
0
0
0
0
0
0
0
0
0
0
0
0
0
0
0
0
0
10000
12
10000
3895414760
10000
16426
16504
16503
16423
16515
16534
16426
16504
16512
16416
16522
16533
16413
16508
16421
16436
16511
16439
16445
16491
16443
16462
16485
16468
16478
16462
16487
16502
16433
16483
16490
0
0
0
0
0
0
0
0
0
0
0
0
0
0
0
0
0
0
0
0
0
0
0
0
0
0
0
0
0
10000
11
10000
3898864342
10000
16345
16343
16340
16372
16336
16337
16346
16342
16339
16359
16346
16343
16352
16326
16327
16363
16327
16338
16370
16325
16330
16350
16317
16328
16362
16332
16323
16370
16330
16328
16357
16327
16331
16368
16328
16324
16362
16335
16334
16375
16353
0
0
0
0
0
0
0
0
0
0
0
0
0
0
0
0
0
0
0
10000
12
10000
3899597459
10000
16446
16427
16510
16405
16386
16517
16404
16409
16524
16427
16415
16505
16440
16433
16499
16452
16460
16485
16465
16466
16453
16477
16445
16463
16478
16458
16451
16516
16455
16427
16510
16425
16413
16520
16405
16499
16507
16426
16497
16492
16510
0
0
0
0
0
0
0
0
0
0
0
0
0
0
0
0
0
0
0
10000
11
10000
3902053533
10000
16338
16352
16354
16334
16371
16345
16355
16337
16357
16340
16349
16346
16349
16352
16351
16346
16341
16345
16358
16339
16341
16352
16333
16336
16355
16321
16334
16367
16329
16330
16329
0
0
0
0
0
0
0
0
0
0
0
0
0
0
0
0
0
0
0
0
0
0
0
0
0
0
0
0
0
10000
12
10000
3902786582
10000
16421
16506
16478
16446
16477
16446
16441
16482
16441
16451
16465
16465
16479
16425
16492
16497
16427
16498
16496
16410
16512
16420
16401
16531
16416
16411
16509
16428
16414
16496
16503
0
0
0
0
0
0
0
0
0
0
0
0
0
0
0
0
0
0
0
0
0
0
0
0
0
0
0
0
0
10000
11
10000
3905242982
10000
16358
16329
16330
16358
16323
16324
16363
16331
16322
16345
16325
16323
16360
16333
16336
16360
16324
16328
16345
16337
16329
16357
16342
16343
16341
16357
16340
16350
16325
16344
16348
0
0
0
0
0
0
0
0
0
0
0
0
0
0
0
0
0
0
0
0
0
0
0
0
0
0
0
0
0
10000
12
10000
3905976051
10000
16411
16426
16500
16429
16432
16485
16471
16461
16461
16476
16325
16445
16496
16459
16437
16469
16453
16417
16480
16418
16424
16500
16429
16426
16504
16407
16403
16515
16409
16422
16419
0
0
0
0
0
0
0
0
0
0
0
0
0
0
0
0
0
0
0
0
0
0
0
0
0
0
0
0
0
10000
11
10000
3908430258
10000
16349
16356
16343
16347
16344
16357
16337
16350
16347
16331
16356
16347
16319
16360
16352
16336
16374
16364
16344
16366
16382
16315
16375
16369
16331
16382
16357
16335
16357
16351
16363
0
0
0
0
0
0
0
0
0
0
0
0
0
0
0
0
0
0
0
0
0
0
0
0
0
0
0
0
0
10000
12
10000
3910158779
10000
16492
16435
16478
16477
16476
16469
16454
16468
16451
16443
16488
16438
16431
16491
16442
16417
16517
16436
16486
16515
16430
16516
16501
16426
16509
16519
16443
16501
16500
16442
16493
16481
16460
16491
16460
16467
16475
16471
16492
16443
16438
0
0
0
0
0
0
0
0
0
0
0
0
0
0
0
0
0
0
0
10000
11
10000
3915579877
10000
16346
16362
16326
16353
16364
16325
16358
16338
16352
16337
16334
16347
16338
16357
16358
16332
16346
16338
16354
16327
16363
16339
16341
16348
16353
16387
16340
16342
16338
16343
16329
16322
16370
16323
16312
16381
16279
16318
16385
16309
16367
16300
16379
16338
16332
16331
16333
16368
16331
16291
16399
16361
16328
16363
16347
16353
16355
16350
16349
16334
10000
12
10000
3917298148
10000
16427
16434
16509
16452
16465
16477
16445
16443
16593
16394
16370
16560
16394
16492
16468
16501
16439
16442
16501
16569
16578
16398
16503
16428
16616
16387
16366
16587
16364
16570
16526
16450
16486
16462
16443
16446
16466
16426
16484
16453
16449
16473
16478
16449
16471
16462
16448
16451
16456
16470
16441
16472
16451
16439
16549
16620
15879
17241
16720
16462
10000
11
10000
3919752373
10000
16344
16340
16355
16348
16351
16326
16334
16356
16347
16326
16367
16328
16409
16101
16544
16293
16493
16207
16310
16315
16345
16266
16456
16232
16299
16335
16386
16433
16369
16223
16272
16362
16369
16265
16490
16195
16275
16380
16348
16365
16356
0
0
0
0
0
0
0
0
0
0
0
0
0
0
0
0
0
0
0
10000
12
10000
3920485491
10000
16429
16476
16548
16392
16578
16507
16467
16438
16428
16487
16398
16463
16436
16476
16398
16494
16472
16467
16449
16466
16518
16486
16448
16496
16512
16446
16513
16504
16440
16493
16515
0
0
0
0
0
0
0
0
0
0
0
0
0
0
0
0
0
0
0
0
0
0
0
0
0
0
0
0
0
10000
11
10000
3922941751
10000
16339
16349
16342
16335
16338
16338
16356
16356
16325
16349
16354
16351
16340
16349
16328
16354
16344
16361
16339
16330
16345
16347
16340
16353
16335
16321
16357
16326
16343
16352
16360
0
0
0
0
0
0
0
0
0
0
0
0
0
0
0
0
0
0
0
0
0
0
0
0
0
0
0
0
0
10000
12
10000
3923676340
10000
16543
16439
16527
16423
16432
16518
16448
16455
16480
16439
16455
16493
16448
16478
16451
16495
16505
16449
16517
16438
16409
16510
16421
16433
16549
16439
16411
16538
16414
16439
16420
0
0
0
0
0
0
0
0
0
0
0
0
0
0
0
0
0
0
0
0
0
0
0
0
0
0
0
0
0
10000
11
10000
3928124658
10000
16332
16308
16371
16320
16342
16360
16321
16320
16371
16327
16324
16357
16335
16319
16367
16333
16336
16351
16334
16341
16349
16352
16341
16354
16338
16326
16369
16316
16335
16350
16333
16338
16344
16361
16368
16318
16370
16342
16341
16343
16343
16357
16357
16354
16327
16353
16364
16335
16354
16356
16334
0
0
0
0
0
0
0
0
0
10000
12
10000
3928857863
10000
16504
16427
16431
16490
16426
16429
16481
16446
16466
16488
16463
16466
16447
16470
16463
16452
16490
16434
16407
16502
16398
16400
16517
16418
16423
16521
16415
16533
16542
16415
16505
16503
16427
16495
16487
16426
16480
16495
16442
16486
16491
16477
16495
16467
16482
16448
16491
16506
16446
16513
16509
0
0
0
0
0
0
0
0
0
10000
11
10000
3931313824
10000
16328
16354
16343
16329
16354
16330
16320
16357
16343
16321
16365
16319
16332
16362
16324
16339
16366
16328
16318
16361
16329
16327
16356
16344
16337
16350
16348
16341
16358
16365
16333
0
0
0
0
0
0
0
0
0
0
0
0
0
0
0
0
0
0
0
0
0
0
0
0
0
0
0
0
0
10000
12
10000
3932047122
10000
16430
16425
16528
16421
16380
16520
16414
16430
16535
16435
16427
16519
16442
16485
16511
16461
16499
16475
16482
16467
16466
16506
16466
16440
16511
16449
16437
16508
16406
16402
16416
0
0
0
0
0
0
0
0
0
0
0
0
0
0
0
0
0
0
0
0
0
0
0
0
0
0
0
0
0
10000
11
10000
3934504746
10000
16349
16355
16354
16364
16330
16358
16366
16344
16341
16338
16348
16347
16341
16338
16359
16354
16327
16360
16362
16312
16373
16386
16308
16396
16360
16328
16369
16348
16334
16330
16343
0
0
0
0
0
0
0
0
0
0
0
0
0
0
0
0
0
0
0
0
0
0
0
0
0
0
0
0
0
10000
12
10000
3935237426
10000
16518
16396
16397
16514
16427
16531
16516
16432
16511
16524
16447
16491
16525
16432
16477
16501
16447
16484
16467
16467
16453
16470
16487
16431
16484
16494
16449
16506
16519
16382
16340
0
0
0
0
0
0
0
0
0
0
0
0
0
0
0
0
0
0
0
0
0
0
0
0
0
0
0
0
0
10000
11
10000
3937693182
10000
16361
16314
16378
16374
16334
16361
16340
16315
16386
16370
16340
16371
16390
16327
16356
16360
16336
16337
16332
16340
16351
16339
16391
16284
16311
16368
16335
16367
16348
16355
16328
0
0
0
0
0
0
0
0
0
0
0
0
0
0
0
0
0
0
0
0
0
0
0
0
0
0
0
0
0
10000
12
10000
3939422259
10000
16517
16539
16378
16550
16489
16445
16462
16460
16431
16493
16527
16345
16585
16333
16350
16487
16458
16491
16452
16468
16449
16446
16461
16473
16442
16464
16494
16406
16495
16515
16408
16511
16507
16413
16509
16500
16423
16491
16484
16428
16427
0
0
0
0
0
0
0
0
0
0
0
0
0
0
0
0
0
0
0
10000
11
10000
3941876661
10000
16334
16349
16331
16335
16355
16329
16314
16370
16328
16335
16365
16340
16326
16358
16323
16335
16357
16331
16336
16344
16333
16322
16373
16337
16324
16363
16336
16329
16355
16332
16349
16362
16339
16348
16336
16340
16343
16345
16340
16338
16350
0
0
0
0
0
0
0
0
0
0
0
0
0
0
0
0
0
0
0
10000
12
10000
3942609895
10000
16491
16440
16477
16464
16454
16455
16454
16478
16447
16442
16486
16430
16442
16506
16420
16427
16493
16426
16506
16506
16415
16515
16514
16426
16511
16498
16415
16525
16467
16451
16450
0
0
0
0
0
0
0
0
0
0
0
0
0
0
0
0
0
0
0
0
0
0
0
0
0
0
0
0
0
10000
12
10000
3945797541
10000
16462
16364
16536
16406
16403
16534
16490
16459
16483
16400
16523
16574
16397
16468
16385
16590
16266
16324
16544
16457
16565
16320
16580
16343
16360
16526
16410
16435
16526
16469
16388
0
0
0
0
0
0
0
0
0
0
0
0
0
0
0
0
0
0
0
0
0
0
0
0
0
0
0
0
0
