10000
11
10000
1256197847
10000
16367
16364
16370
16356
16352
16345
16369
16367
16367
16369
16370
16364
16365
16359
16354
16357
16364
16349
16378
16378
16342
16378
16377
16356
16366
16373
16356
16363
16359
16356
16365
0
0
0
0
0
0
0
0
0
0
0
0
0
0
0
0
0
0
0
0
0
0
0
0
0
0
0
0
0
10000
12
10000
1256930447
10000
16066
16059
16061
16068
16069
16069
16085
16070
16062
16066
16076
16058
16067
16074
16068
16086
16070
16066
16073
16060
16056
16057
16051
16061
16070
16045
16056
16044
16063
16052
16047
0
0
0
0
0
0
0
0
0
0
0
0
0
0
0
0
0
0
0
0
0
0
0
0
0
0
0
0
0
10000
11
10000
1259387518
10000
16356
16375
16357
16361
16373
16367
16368
16359
16364
16370
16358
16369
16484
16359
16357
16369
16379
16355
16362
16372
16367
16380
16360
16358
16368
16379
16374
16375
16391
16351
16360
0
0
0
0
0
0
0
0
0
0
0
0
0
0
0
0
0
0
0
0
0
0
0
0
0
0
0
0
0
10000
12
10000
1260120229
10000
16064
16054
16050
16063
16065
16052
16069
16061
16031
16051
16054
16040
16033
16078
16030
16048
16062
16035
16071
16058
16036
16055
16043
16042
16009
16050
16059
16031
16058
16010
16034
0
0
0
0
0
0
0
0
0
0
0
0
0
0
0
0
0
0
0
0
0
0
0
0
0
0
0
0
0
10000
11
10000
1262574592
10000
16363
16367
16359
16356
16367
16386
16405
16338
16379
16371
16361
16373
16387
16354
16374
16357
16370
16369
16360
16356
16376
16359
16373
16366
16364
16365
16364
16374
16352
16365
16361
0
0
0
0
0
0
0
0
0
0
0
0
0
0
0
0
0
0
0
0
0
0
0
0
0
0
0
0
0
10000
12
10000
1263308612
10000
16054
16047
16051
16047
16044
16054
16060
16041
16078
16058
16060
16053
16060
16047
16061
16044
16068
16059
16046
16078
16071
16058
16056
16073
16033
16063
16069
16057
16053
16065
16060
0
0
0
0
0
0
0
0
0
0
0
0
0
0
0
0
0
0
0
0
0
0
0
0
0
0
0
0
0
10000
11
10000
1265766491
10000
16360
16379
16348
16353
16376
16357
16350
16371
16363
16352
16381
16360
16364
16366
16360
16380
16353
16372
16386
16345
16379
16347
16379
16352
16389
16381
16363
16362
16370
16352
16350
0
0
0
0
0
0
0
0
0
0
0
0
0
0
0
0
0
0
0
0
0
0
0
0
0
0
0
0
0
10000
12
10000
1266498965
10000
16060
16055
16048
16044
16063
16076
16052
16042
16068
16067
16066
16049
16064
16055
16074
16082
16046
16080
16066
16064
16060
16058
16062
16064
16055
16058
16064
16062
16062
16077
16059
0
0
0
0
0
0
0
0
0
0
0
0
0
0
0
0
0
0
0
0
0
0
0
0
0
0
0
0
0
10000
11
10000
1268952354
10000
16355
16377
16363
16356
16362
16364
16358
16365
16376
16376
16348
16375
16373
16355
16376
16372
16354
16360
16365
16370
16358
16362
16368
16355
16365
16359
16350
16373
16356
16383
16366
0
0
0
0
0
0
0
0
0
0
0
0
0
0
0
0
0
0
0
0
0
0
0
0
0
0
0
0
0
10000
12
10000
1269685927
10000
16065
16071
16066
16067
16082
16047
16076
16075
16056
16064
16078
16053
16074
16055
16079
16075
16058
16049
16073
16059
16059
16071
16063
16069
16067
16071
16045
16069
16068
16081
16058
0
0
0
0
0
0
0
0
0
0
0
0
0
0
0
0
0
0
0
0
0
0
0
0
0
0
0
0
0
10000
11
10000
1272140084
10000
16379
16348
16378
16355
16354
16373
16342
16369
16341
16365
16368
16362
16378
16367
16368
16376
16348
16366
16358
16358
16370
16354
16378
16361
16359
16379
16358
16352
16371
16353
16370
0
0
0
0
0
0
0
0
0
0
0
0
0
0
0
0
0
0
0
0
0
0
0
0
0
0
0
0
0
10000
12
10000
1272873610
10000
16078
16065
16064
16078
16067
16047
16037
16071
16071
16066
16080
16048
16050
16069
16073
16057
16072
16059
16083
16077
16063
16072
16074
16067
16073
16071
16064
16057
16058
16062
16055
0
0
0
0
0
0
0
0
0
0
0
0
0
0
0
0
0
0
0
0
0
0
0
0
0
0
0
0
0
10000
11
10000
1275328818
10000
16358
16364
16357
16381
16363
16353
16350
16374
16354
16348
16382
16343
16338
16387
16363
16362
16356
16371
16370
16362
16348
16347
16369
16359
16338
16377
16345
16341
16379
16340
16370
0
0
0
0
0
0
0
0
0
0
0
0
0
0
0
0
0
0
0
0
0
0
0
0
0
0
0
0
0
10000
12
10000
1276061199
10000
16073
16069
16066
16059
16069
16074
16052
16070
16072
16051
16074
16072
16038
16063
16061
16055
16061
16068
16043
16057
16060
16056
16044
16057
16040
16065
16055
16060
16054
16050
16057
0
0
0
0
0
0
0
0
0
0
0
0
0
0
0
0
0
0
0
0
0
0
0
0
0
0
0
0
0
10000
11
10000
1278517291
10000
16366
16355
16365
16362
16365
16385
16381
16361
16358
16352
16368
16377
16386
16343
16369
16385
16341
16393
16398
16347
16374
16426
16332
16396
16400
16345
16371
16370
16358
16387
16363
0
0
0
0
0
0
0
0
0
0
0
0
0
0
0
0
0
0
0
0
0
0
0
0
0
0
0
0
0
10000
12
10000
1279250785
10000
16063
16042
16051
16069
16060
16048
16073
16063
16023
16044
16077
16057
16061
16117
16037
16058
16068
16051
16051
15998
16045
16062
16045
16060
16051
16075
16068
16066
16082
16057
16060
0
0
0
0
0
0
0
0
0
0
0
0
0
0
0
0
0
0
0
0
0
0
0
0
0
0
0
0
0
10000
11
10000
1281705994
10000
16377
16387
16357
16381
16354
16372
16370
16365
16361
16355
16362
16351
16362
16364
16375
16373
16353
16372
16359
16362
16375
16366
16357
16360
16357
16375
16355
16360
16383
16387
16352
0
0
0
0
0
0
0
0
0
0
0
0
0
0
0
0
0
0
0
0
0
0
0
0
0
0
0
0
0
10000
12
10000
1282438544
10000
16071
16064
16040
16050
16032
16034
16042
16033
16051
16057
16044
16045
16055
16041
16043
16051
16022
16056
16058
16041
16044
16050
16047
16030
16058
16043
16055
16046
16064
16052
16059
0
0
0
0
0
0
0
0
0
0
0
0
0
0
0
0
0
0
0
0
0
0
0
0
0
0
0
0
0
10000
11
10000
1284894699
10000
16356
16380
16362
16356
16362
16356
16356
16359
16354
16348
16369
16347
16341
16378
16352
16353
16378
16362
16360
16387
16353
16363
16359
16367
16354
16368
16358
16348
16368
16375
16355
0
0
0
0
0
0
0
0
0
0
0
0
0
0
0
0
0
0
0
0
0
0
0
0
0
0
0
0
0
10000
12
10000
1285627275
10000
16060
16072
16058
16059
16089
16057
16074
16083
16070
16086
16084
16072
16088
16082
16082
16093
16085
16077
16084
16077
16076
16074
16084
16081
16063
16079
16072
16067
16082
16093
16088
0
0
0
0
0
0
0
0
0
0
0
0
0
0
0
0
0
0
0
0
0
0
0
0
0
0
0
0
0
10000
11
10000
1288084527
10000
16361
16365
16361
16357
16362
16367
16368
16372
16364
16348
16390
16350
16370
16363
16377
16371
16356
16379
16371
16355
16370
16372
16355
16383
16377
16363
16360
16378
16355
16358
16388
0
0
0
0
0
0
0
0
0
0
0
0
0
0
0
0
0
0
0
0
0
0
0
0
0
0
0
0
0
10000
12
10000
1288818879
10000
16072
16078
16080
16067
16084
16089
16073
16075
16080
16076
16075
16074
16062
16076
16064
16058
16068
16056
16071
16059
16066
16079
16073
16060
16072
16062
16058
16070
16051
16074
16077
0
0
0
0
0
0
0
0
0
0
0
0
0
0
0
0
0
0
0
0
0
0
0
0
0
0
0
0
0
10000
11
10000
1291273363
10000
16376
16355
16364
16373
16356
16372
16380
16361
16384
16376
16354
16388
16378
16346
16378
16386
16349
16387
16378
16362
16356
16380
16363
16371
16361
16363
16371
16357
16365
16359
16372
0
0
0
0
0
0
0
0
0
0
0
0
0
0
0
0
0
0
0
0
0
0
0
0
0
0
0
0
0
10000
12
10000
1292007048
10000
16053
16070
16070
16080
16041
16071
16059
16058
16078
16069
16058
16076
16077
16063
16070
16062
16052
16059
16048
16069
16066
16066
16081
16058
16061
16070
16064
16065
16054
16059
16060
0
0
0
0
0
0
0
0
0
0
0
0
0
0
0
0
0
0
0
0
0
0
0
0
0
0
0
0
0
10000
11
10000
1295458688
10000
16369
16366
16356
16366
16373
16355
16367
16360
16363
16358
16368
16367
16373
16372
16351
16350
16386
16353
16348
16378
16349
16356
16375
16360
16352
16381
16347
16357
16383
16358
16360
16376
16352
16359
16386
16349
16363
16366
16360
16365
16360
0
0
0
0
0
0
0
0
0
0
0
0
0
0
0
0
0
0
0
10000
12
10000
1296191341
10000
16070
16062
16048
16078
16055
16054
16054
16068
16059
16061
16061
16069
16068
16068
16074
16073
16079
16073
16081
16070
16080
16063
16068
16059
16078
16090
16066
16067
16092
16063
16067
16090
16071
16091
16082
16074
16088
16092
16062
16087
16092
0
0
0
0
0
0
0
0
0
0
0
0
0
0
0
0
0
0
0
10000
11
10000
1298647564
10000
16367
16358
16370
16366
16373
16370
16356
16378
16372
16357
16366
16355
16364
16379
16359
16364
16369
16351
16354
16365
16366
16352
16374
16360
16337
16394
16343
16367
16373
16408
16383
0
0
0
0
0
0
0
0
0
0
0
0
0
0
0
0
0
0
0
0
0
0
0
0
0
0
0
0
0
10000
12
10000
1299380263
10000
16072
16078
16080
16076
16076
16081
16096
16075
16065
16065
16086
16066
16065
16089
16075
16090
16073
16052
16080
16065
16066
16083
16065
16051
16063
16055
16059
16062
16054
16071
16044
0
0
0
0
0
0
0
0
0
0
0
0
0
0
0
0
0
0
0
0
0
0
0
0
0
0
0
0
0
10000
11
10000
1301834434
10000
16330
16400
16383
16369
16375
16381
16354
16370
16391
16341
16380
16350
16351
16383
16355
16350
16387
16359
16365
16377
16355
16376
16366
16354
16363
16375
16365
16359
16381
16366
16360
0
0
0
0
0
0
0
0
0
0
0
0
0
0
0
0
0
0
0
0
0
0
0
0
0
0
0
0
0
10000
12
10000
1302567073
10000
16068
16064
16050
16080
16064
16065
16070
16060
16055
16049
16064
16068
16048
16072
16047
16057
16064
16065
16051
16072
16062
16062
16062
16058
16073
16062
16056
16078
16061
16063
16060
0
0
0
0
0
0
0
0
0
0
0
0
0
0
0
0
0
0
0
0
0
0
0
0
0
0
0
0
0
10000
11
10000
1305023219
10000
16361
16370
16359
16363
16366
16364
16366
16365
16380
16368
16347
16378
16376
16353
16370
16387
16355
16381
16379
16359
16373
16385
16358
16386
16383
16357
16376
16381
16349
16356
16346
0
0
0
0
0
0
0
0
0
0
0
0
0
0
0
0
0
0
0
0
0
0
0
0
0
0
0
0
0
10000
12
10000
1305756912
10000
16060
16056
16067
16067
16069
16049
16059
16056
16063
16062
16054
16082
16039
16074
16060
16065
16066
16088
16051
16067
16054
16057
16060
16067
16052
16055
16072
16060
16071
16049
16078
0
0
0
0
0
0
0
0
0
0
0
0
0
0
0
0
0
0
0
0
0
0
0
0
0
0
0
0
0
10000
11
10000
1308213864
10000
16375
16355
16360
16382
16346
16360
16383
16356
16358
16353
16356
16357
16370
16366
16384
16369
16363
16361
16373
16362
16369
16372
16369
16363
16358
16386
16368
16353
16384
16382
16363
0
0
0
0
0
0
0
0
0
0
0
0
0
0
0
0
0
0
0
0
0
0
0
0
0
0
0
0
0
10000
12
10000
1308948554
10000
16085
16068
16068
16058
16063
16076
16070
16067
16075
16075
16062
16081
16078
16057
16067
16072
16062
16095
16084
16065
16079
16065
16069
16078
16068
16060
16075
16073
16076
16067
16059
0
0
0
0
0
0
0
0
0
0
0
0
0
0
0
0
0
0
0
0
0
0
0
0
0
0
0
0
0
10000
11
10000
1311402468
10000
16361
16369
16383
16354
16391
16377
16359
16380
16396
16344
16390
16404
16342
16381
16395
16354
16390
16376
16356
16383
16374
16363
16379
16366
16354
16388
16379
16350
16365
16367
16377
0
0
0
0
0
0
0
0
0
0
0
0
0
0
0
0
0
0
0
0
0
0
0
0
0
0
0
0
0
10000
12
10000
1312135099
10000
16063
16062
16058
16057
16067
16050
16057
16062
16052
16062
16079
16050
16061
16074
16046
16062
16041
16051
16056
16060
16045
16069
16064
16041
16077
16066
16051
16051
16065
16061
16062
0
0
0
0
0
0
0
0
0
0
0
0
0
0
0
0
0
0
0
0
0
0
0
0
0
0
0
0
0
10000
11
10000
1314590042
10000
16348
16371
16377
16362
16361
16360
16361
16359
16364
16367
16358
16355
16377
16358
16350
16378
16353
16355
16388
16361
16348
16389
16355
16350
16379
16351
16347
16394
16343
16345
16343
0
0
0
0
0
0
0
0
0
0
0
0
0
0
0
0
0
0
0
0
0
0
0
0
0
0
0
0
0
10000
12
10000
1315324508
10000
16057
16060
16054
16063
16058
16042
16040
16065
16063
16056
16063
16047
16054
16063
16045
16039
16061
16049
16058
16067
16055
16051
16075
16053
16075
16069
16068
16067
16064
16067
16066
0
0
0
0
0
0
0
0
0
0
0
0
0
0
0
0
0
0
0
0
0
0
0
0
0
0
0
0
0
10000
11
10000
1317778789
10000
16394
16348
16346
16394
16349
16350
16388
16356
16346
16391
16361
16338
16378
16356
16346
16377
16355
16361
16382
16342
16352
16367
16351
16359
16385
16358
16356
16359
16369
16369
16368
0
0
0
0
0
0
0
0
0
0
0
0
0
0
0
0
0
0
0
0
0
0
0
0
0
0
0
0
0
10000
12
10000
1318511884
10000
16056
16056
16062
16045
16054
16058
16063
16072
16061
16047
16058
16054
16043
16070
16054
16028
16041
16057
16052
16066
16069
16044
16060
16037
16052
16049
16049
16060
16058
16045
16054
0
0
0
0
0
0
0
0
0
0
0
0
0
0
0
0
0
0
0
0
0
0
0
0
0
0
0
0
0
10000
11
10000
1320966921
10000
16360
16369
16377
16348
16376
16363
16352
16387
16381
16355
16381
16387
16368
16372
16385
16342
16387
16378
16350
16390
16374
16351
16386
16400
16343
16394
16389
16351
16376
16383
16381
0
0
0
0
0
0
0
0
0
0
0
0
0
0
0
0
0
0
0
0
0
0
0
0
0
0
0
0
0
10000
12
10000
1321700402
10000
16041
16055
16058
16047
16050
16057
16066
16044
16064
16066
16043
16066
16063
16052
16071
16046
16077
16076
16069
16053
16093
16082
16076
16079
16068
16073
16075
16070
16082
16074
16067
0
0
0
0
0
0
0
0
0
0
0
0
0
0
0
0
0
0
0
0
0
0
0
0
0
0
0
0
0
10000
11
10000
1324154074
10000
16361
16380
16393
16345
16383
16393
16354
16382
16382
16354
16383
16365
16374
16369
16364
16374
16365
16360
16380
16365
16364
16370
16363
16375
16369
16360
16360
16379
16364
16351
16351
0
0
0
0
0
0
0
0
0
0
0
0
0
0
0
0
0
0
0
0
0
0
0
0
0
0
0
0
0
10000
12
10000
1324887776
10000
16074
16071
16054
16055
16066
16046
16073
16053
16079
16061
16049
16056
16056
16048
16034
16068
16044
16051
16059
16064
16067
16060
16052
16068
16062
16067
16053
16062
16057
16069
16053
0
0
0
0
0
0
0
0
0
0
0
0
0
0
0
0
0
0
0
0
0
0
0
0
0
0
0
0
0
10000
11
10000
1327344782
10000
16388
16355
16341
16402
16354
16338
16393
16351
16352
16388
16340
16336
16380
16346
16366
16388
16350
16350
16385
16346
16347
16390
16355
16350
16382
16358
16361
16375
16354
16367
16355
0
0
0
0
0
0
0
0
0
0
0
0
0
0
0
0
0
0
0
0
0
0
0
0
0
0
0
0
0
10000
12
10000
1328077518
10000
16047
16058
16058
16047
16050
16046
16030
16049
16043
16057
16041
16037
16050
16048
16041
16048
16049
16044
16068
16038
16045
16046
16051
16036
16058
16046
16040
16061
16065
16059
16057
0
0
0
0
0
0
0
0
0
0
0
0
0
0
0
0
0
0
0
0
0
0
0
0
0
0
0
0
0
10000
11
10000
1330531668
10000
16377
16349
16363
16364
16366
16381
16357
16377
16369
16360
16377
16374
16361
16374
16371
16361
16376
16378
16356
16379
16374
16354
16398
16399
16344
16397
16380
16358
16397
16388
16379
0
0
0
0
0
0
0
0
0
0
0
0
0
0
0
0
0
0
0
0
0
0
0
0
0
0
0
0
0
10000
12
10000
1331265291
10000
16053
16056
16058
16052
16073
16059
16059
16080
16068
16050
16067
16066
16056
16066
16062
16053
16059
16067
16046
16061
16042
16052
16057
16067
16065
16046
16046
16067
16053
16055
16051
0
0
0
0
0
0
0
0
0
0
0
0
0
0
0
0
0
0
0
0
0
0
0
0
0
0
0
0
0
10000
11
10000
1333719405
10000
16357
16391
16382
16349
16381
16399
16346
16381
16390
16345
16386
16375
16341
16384
16363
16345
16371
16370
16357
16378
16375
16363
16372
16376
16360
16355
16367
16360
16361
16355
16362
0
0
0
0
0
0
0
0
0
0
0
0
0
0
0
0
0
0
0
0
0
0
0
0
0
0
0
0
0
10000
12
10000
1334452127
10000
16058
16043
16058
16064
16055
16052
16047
16040
16056
16052
16053
16064
16055
16060
16062
16049
16054
16071
16052
16078
16061
16056
16042
16054
16042
16046
16032
16068
16058
16043
16047
0
0
0
0
0
0
0
0
0
0
0
0
0
0
0
0
0
0
0
0
0
0
0
0
0
0
0
0
0
