10000
12
10000
347006917
10000
16068
16056
16061
16053
16064
16065
16055
16056
16065
16057
16066
16064
16049
16065
16072
16055
16062
16067
16059
16076
16069
16054
16062
16067
16066
16066
16070
16054
16075
16072
16058
16056
16054
16076
16056
16055
16065
16057
16059
16059
16073
0
0
0
0
0
0
0
0
0
0
0
0
0
0
0
0
0
0
0
10000
11
10000
349460988
10000
16377
16335
16339
16363
16361
16354
16366
16359
16341
16370
16364
16359
16372
16349
16363
16359
16352
16348
16344
16372
16369
16340
16376
16364
16352
16367
16370
16352
16373
16367
16364
16363
0
0
0
0
0
0
0
0
0
0
0
0
0
0
0
0
0
0
0
0
0
0
0
0
0
0
0
0
10000
12
10000
350193549
10000
16055
16062
16057
16038
16085
16053
16029
16064
16055
16064
16076
16030
16152
16064
16051
16056
16063
16047
16067
16057
16051
16053
16066
16069
16064
16057
16067
16058
16045
16056
16066
0
0
0
0
0
0
0
0
0
0
0
0
0
0
0
0
0
0
0
0
0
0
0
0
0
0
0
0
0
10000
11
10000
353632913
10000
16361
16357
16357
16354
16364
16350
16370
16362
16358
16369
16364
16368
16364
16362
16368
16354
16350
16369
16341
16376
16356
16351
16371
16367
16361
16359
16355
16369
16366
16361
16366
16361
16359
16355
16362
16366
16358
16336
16370
16372
0
0
0
0
0
0
0
0
0
0
0
0
0
0
0
0
0
0
0
0
10000
12
10000
355350835
10000
16058
16067
16064
16046
16071
16072
16042
16072
16070
16052
16067
16079
16042
16072
16072
16071
16059
16067
16063
16049
16069
16063
16055
16050
16076
16053
16063
16055
16049
16067
16062
16050
16064
16058
16031
16064
16051
16054
16061
16053
16050
16062
16049
16042
16057
16060
16063
16044
16056
16070
0
0
0
0
0
0
0
0
0
0
10000
11
10000
359777668
10000
16348
16368
16368
16357
16362
16354
16366
16358
16369
16363
16358
16369
16355
16370
16373
16348
16373
16360
16365
16361
16353
16366
16349
16372
16362
16351
16363
16364
16370
16365
16358
16370
16375
16357
16353
16358
16357
16359
16361
16363
16355
16364
16358
16353
16359
16376
16362
16339
16368
16361
16339
16350
16380
16348
16358
16350
16377
16369
16353
16362
10000
11
10000
365923079
10000
16358
16359
16370
16362
16362
16360
16360
16367
16377
16351
16370
16366
16366
16355
16357
16358
16356
16360
16364
16349
16351
16361
16360
16352
16358
16352
16356
16377
16353
16347
16364
16352
16377
16357
16349
16357
16362
16352
16360
16359
16367
16364
16353
16363
16367
16363
16366
16359
16357
16363
16362
16355
16362
16347
16353
16375
16336
16349
16359
16374
10000
12
10000
367641927
10000
16056
16066
16059
16049
16051
16059
16054
16039
16067
16049
16066
16075
16062
16082
16065
16045
16076
16076
16054
16075
16060
16061
16051
16030
16033
16031
16039
16058
16047
16053
16052
16043
16056
16054
16051
16061
16047
16025
16037
16036
16040
16055
16046
16046
16052
16044
16048
16054
16039
16033
16043
16041
16025
16069
16077
16046
16004
16033
16039
16008
10000
11
10000
373062237
10000
16351
16368
16346
16375
16373
16347
16372
16348
16369
16356
16360
16373
16360
16356
16374
16348
16349
16366
16348
16352
16352
16356
16363
16365
16340
16366
16360
16355
16348
16363
16345
16368
16376
16353
16369
16358
16369
16370
16364
16356
16365
16359
16363
16379
16360
16371
16363
16359
16367
16371
10000
12
10000
374782153
10000
16055
16043
16028
16054
16055
16041
16050
16056
16038
16052
16027
16043
16060
16044
16041
16041
16032
16043
16049
16041
16046
16049
16059
16055
16041
16047
16056
16044
16053
16050
16036
16057
16051
16041
16058
16052
16058
16066
16042
16062
16060
16059
16072
16049
16053
16057
16062
16054
16057
16054
16061
16065
16071
16053
16065
16057
16064
16063
16060
16047
10000
11
10000
379207457
10000
16347
16367
16367
16358
16371
16370
16341
16365
16366
16332
16380
16369
16350
16378
16363
16352
16361
16347
16369
16361
16368
16358
16370
16375
16344
16371
16364
16356
16368
16350
16358
16361
16368
16359
16346
16366
16365
16353
16359
16370
16357
16354
16370
16356
16359
16361
16359
16350
16372
16369
16345
16346
16378
16346
16355
16382
16339
16341
16383
16383
10000
12
10000
380926172
10000
16061
16052
16052
16072
16050
16036
16069
16035
16044
16060
16051
16061
16069
16054
16053
16057
16055
16059
16054
16059
16066
16047
16052
16052
16046
16055
16042
16063
16064
16055
16054
16072
16046
16051
16051
16034
16043
16046
16059
16055
16046
16035
16053
16051
16051
16048
16035
16024
16045
16039
16048
16051
16058
16047
16062
16048
16066
16052
16043
16038
10000
11
10000
385353389
10000
16350
16362
16372
16348
16379
16370
16338
16368
16356
16368
16371
16362
16353
16373
16372
16360
16362
16368
16346
16367
16353
16359
16365
16362
16363
16355
16363
16373
16343
16349
16351
16360
16353
16357
16352
16342
16373
16356
16342
16383
16348
16349
16357
16355
16355
16357
16356
16349
16371
16373
16349
16359
16374
16346
16359
16374
16355
16349
16368
16367
10000
12
10000
387072152
10000
16057
16051
16057
16060
16047
16083
16055
16040
16062
16062
16053
16060
16047
16050
16059
16064
16058
16063
16047
16052
16056
16045
16055
16051
16064
16062
16049
16067
16061
16059
16062
16061
16051
16052
16057
16045
16053
16041
16040
16050
16040
16040
16057
16036
16037
16050
16045
16058
16043
16045
16051
16051
16043
16047
16044
16030
16056
16059
16056
16040
10000
11
10000
391498709
10000
16348
16374
16368
16359
16366
16364
16358
16355
16372
16359
16349
16361
16365
16358
16353
16369
16365
16351
16357
16365
16353
16373
16349
16354
16361
16352
16353
16362
16350
16349
16374
16350
16349
16372
16360
16354
16372
16348
16357
16372
16334
16348
16371
16354
16333
16374
16352
16348
16376
16373
16343
16379
16372
16352
16361
16376
16348
16357
16358
16362
10000
12
10000
393216448
10000
16061
16043
16048
16042
16046
16061
16050
16032
16044
16055
16032
16060
16066
16046
16066
16059
16044
16051
16047
16057
16050
16058
16057
16045
16062
16067
16046
16042
16068
16061
16063
16068
16036
16046
16058
16037
16054
16058
16051
16066
16040
16044
16053
16038
16050
16051
16059
16055
16064
16055
16042
16043
16056
16048
16054
16056
16075
16051
16057
16053
10000
11
10000
398799991
10000
16365
16373
16364
16368
16352
16358
16368
16346
16352
16379
16346
16333
16374
16345
16347
16368
16350
16347
16378
16340
16364
16378
16340
16348
16364
16341
16350
16371
16353
16344
16371
16352
16350
16371
16352
16360
16363
16356
16354
16356
16359
16352
16372
16361
16354
16372
16362
16355
16364
16359
16365
16353
16372
16354
16352
16381
16368
16360
16384
16375
10000
11
10000
401991994
10000
16352
16352
16367
16344
16346
16377
16346
16337
16370
16344
16353
16365
16347
16353
16371
16350
16340
16378
16347
16350
16376
16342
16359
16361
16352
16353
16367
16353
16356
16371
16352
16338
0
0
0
0
0
0
0
0
0
0
0
0
0
0
0
0
0
0
0
0
0
0
0
0
0
0
0
0
10000
12
10000
403720648
10000
16059
16060
16053
16047
16068
16046
16051
16067
16058
16056
16068
16050
16059
16053
16066
16055
16076
16063
16063
16059
16060
16055
16055
16056
16053
16052
16059
16048
16062
16062
16066
16054
16055
16062
16052
16069
16073
16073
16079
16077
16071
0
0
0
0
0
0
0
0
0
0
0
0
0
0
0
0
0
0
0
10000
11
10000
408145297
10000
16374
16357
16356
16361
16360
16357
16365
16359
16359
16358
16360
16367
16358
16371
16376
16368
16377
16368
16362
16374
16377
16345
16367
16380
16340
16381
16378
16338
16382
16382
16335
16379
16375
16333
16378
16387
16337
16381
16375
16335
16364
16370
16339
16369
16389
16331
16390
16376
16356
16351
16364
16373
16363
16365
16354
16360
16368
16373
16347
16364
10000
12
10000
409865065
10000
16080
16069
16064
16080
16071
16066
16080
16064
16063
16069
16073
16075
16077
16083
16074
16074
16076
16074
16066
16067
16065
16064
16081
16083
16047
16079
16049
16057
16079
16057
16069
16063
16088
16057
16086
16087
16068
16074
16078
16066
16069
16066
16066
16069
16066
16059
16078
16077
16038
16060
16064
16073
16075
16075
16064
16065
16063
16077
16059
16067
10000
11
10000
414291561
10000
16357
16368
16349
16353
16371
16358
16350
16374
16336
16345
16372
16365
16339
16389
16335
16332
16400
16318
16310
16398
16319
16326
16380
16352
16362
16364
16356
16344
16377
16344
16337
16393
16343
16348
16372
16339
16351
16370
16347
16354
16364
16351
16348
16365
16356
16344
16363
16354
16352
16376
16351
16357
16371
16367
16363
16367
16358
16372
16368
16348
10000
12
10000
415025011
10000
16070
16040
16052
16060
16048
16051
16061
16054
16056
16061
16064
16063
16064
16058
16046
16074
16072
16054
16041
16053
16039
16049
16049
16051
16062
16057
16039
16061
16047
16054
16052
16062
16051
16065
16048
16049
16066
16068
16063
16043
16072
16057
16054
16064
16056
16058
16052
16055
16058
16070
16069
0
0
0
0
0
0
0
0
0
10000
11
10000
417480871
10000
16372
16377
16350
16370
16370
16352
16379
16374
16339
16386
16380
16329
16366
16386
16345
16381
16382
16343
16369
16377
16348
16382
16367
16351
16366
16379
16352
16376
16344
16357
16361
16371
0
0
0
0
0
0
0
0
0
0
0
0
0
0
0
0
0
0
0
0
0
0
0
0
0
0
0
0
10000
12
10000
418214762
10000
16054
16053
16070
16055
16070
16075
16059
16074
16070
16066
16083
16069
16066
16068
16064
16062
16065
16065
16071
16069
16067
16071
16073
16073
16074
16064
16079
16076
16066
16070
16084
0
0
0
0
0
0
0
0
0
0
0
0
0
0
0
0
0
0
0
0
0
0
0
0
0
0
0
0
0
10000
11
10000
420669860
10000
16342
16355
16372
16348
16356
16362
16364
16362
16368
16357
16365
16370
16362
16358
16359
16361
16362
16357
16373
16366
16346
16369
16369
16342
16370
16374
16341
16375
16379
16339
16354
0
0
0
0
0
0
0
0
0
0
0
0
0
0
0
0
0
0
0
0
0
0
0
0
0
0
0
0
0
10000
12
10000
421402829
10000
16069
16070
16076
16067
16052
16057
16066
16044
16051
16062
16055
16049
16043
16055
16053
16059
16043
16055
16051
16055
16059
16056
16064
16045
16058
16048
16045
16060
16039
16039
16048
0
0
0
0
0
0
0
0
0
0
0
0
0
0
0
0
0
0
0
0
0
0
0
0
0
0
0
0
0
10000
11
10000
423857469
10000
16376
16380
16334
16380
16377
16336
16385
16366
16335
16375
16383
16347
16382
16378
16351
16378
16382
16347
16374
16379
16341
16377
16373
16340
16368
16355
16360
16377
16360
16354
16367
0
0
0
0
0
0
0
0
0
0
0
0
0
0
0
0
0
0
0
0
0
0
0
0
0
0
0
0
0
10000
12
10000
424591899
10000
16055
16032
16042
16064
16050
16048
16062
16045
16058
16068
16060
16061
16067
16061
16054
16059
16063
16064
16059
16072
16056
16071
16075
16057
16076
16065
16071
16073
16083
16059
16054
0
0
0
0
0
0
0
0
0
0
0
0
0
0
0
0
0
0
0
0
0
0
0
0
0
0
0
0
0
10000
11
10000
427047362
10000
16371
16355
16378
16367
16358
16366
16359
16359
16360
16349
16360
16371
16348
16339
16368
16351
16344
16378
16346
16348
16380
16339
16335
16382
16331
16335
16379
16343
16346
16376
16378
0
0
0
0
0
0
0
0
0
0
0
0
0
0
0
0
0
0
0
0
0
0
0
0
0
0
0
0
0
10000
12
10000
427781765
10000
16055
16051
16053
16061
16070
16054
16066
16053
16051
16058
16048
16061
16063
16055
16060
16054
16054
16058
16059
16046
16055
16053
16060
16063
16050
16058
16066
16049
16073
16069
16062
0
0
0
0
0
0
0
0
0
0
0
0
0
0
0
0
0
0
0
0
0
0
0
0
0
0
0
0
0
10000
11
10000
430239361
10000
16355
16347
16384
16350
16337
16383
16342
16344
16382
16358
16348
16375
16340
16348
16370
16349
16356
16361
16360
16356
16366
16373
16369
16356
16364
16370
16363
16370
16364
16351
16355
0
0
0
0
0
0
0
0
0
0
0
0
0
0
0
0
0
0
0
0
0
0
0
0
0
0
0
0
0
10000
12
10000
430975696
10000
16060
16063
16052
16052
16052
16055
16048
16057
16054
16050
16044
16064
16065
16055
16061
16054
16050
16060
16055
16066
16052
16062
16056
16052
16054
16058
16060
16062
16048
16053
16060
0
0
0
0
0
0
0
0
0
0
0
0
0
0
0
0
0
0
0
0
0
0
0
0
0
0
0
0
0
10000
11
10000
433430287
10000
16375
16372
16356
16375
16371
16347
16371
16374
16346
16384
16366
16349
16379
16373
16347
16377
16383
16337
16373
16375
16345
16375
16368
16356
16372
16379
16348
16378
16376
16349
16349
0
0
0
0
0
0
0
0
0
0
0
0
0
0
0
0
0
0
0
0
0
0
0
0
0
0
0
0
0
10000
12
10000
434163656
10000
16060
16053
16074
16057
16049
16057
16042
16063
16063
16059
16058
16055
16054
16059
16044
16055
16062
16056
16057
16061
16054
16056
16064
16049
16055
16052
16064
16058
16044
16054
16059
0
0
0
0
0
0
0
0
0
0
0
0
0
0
0
0
0
0
0
0
0
0
0
0
0
0
0
0
0
10000
11
10000
436619067
10000
16379
16363
16361
16359
16370
16350
16372
16378
16355
16364
16370
16361
16358
16360
16361
16376
16357
16373
16366
16350
16372
16353
16357
16367
16360
16348
16366
16346
16341
16362
16365
0
0
0
0
0
0
0
0
0
0
0
0
0
0
0
0
0
0
0
0
0
0
0
0
0
0
0
0
0
10000
12
10000
437352497
10000
16070
16069
16058
16065
16065
16051
16059
16064
16057
16061
16067
16058
16061
16059
16050
16055
16066
16050
16057
16057
16051
16052
16056
16052
16047
16064
16052
16048
16070
16050
16050
0
0
0
0
0
0
0
0
0
0
0
0
0
0
0
0
0
0
0
0
0
0
0
0
0
0
0
0
0
10000
11
10000
439806059
10000
16349
16338
16389
16339
16320
16389
16335
16326
16385
16339
16329
16391
16336
16340
16379
16333
16336
16381
16353
16349
16364
16347
16338
16371
16348
16363
16357
16360
16357
16358
16357
0
0
0
0
0
0
0
0
0
0
0
0
0
0
0
0
0
0
0
0
0
0
0
0
0
0
0
0
0
10000
12
10000
440540469
10000
16070
16049
16054
16050
16055
16047
16040
16055
16055
16048
16060
16036
16051
16051
16049
16045
16056
16072
16065
16072
16068
16065
16054
16060
16051
16066
16069
16054
16055
16056
16065
0
0
0
0
0
0
0
0
0
0
0
0
0
0
0
0
0
0
0
0
0
0
0
0
0
0
0
0
0
10000
11
10000
442997743
10000
16359
16352
16358
16360
16364
16360
16359
16368
16350
16371
16369
16355
16379
16377
16350
16376
16369
16354
16360
16375
16341
16370
16371
16336
16368
16373
16348
16381
16389
16340
16350
0
0
0
0
0
0
0
0
0
0
0
0
0
0
0
0
0
0
0
0
0
0
0
0
0
0
0
0
0
10000
12
10000
443732146
10000
16064
16052
16071
16049
16061
16052
16065
16061
16046
16062
16048
16068
16061
16058
16062
16064
16059
16062
16062
16057
16063
16051
16053
16057
16059
16052
16066
16056
16059
16067
16063
0
0
0
0
0
0
0
0
0
0
0
0
0
0
0
0
0
0
0
0
0
0
0
0
0
0
0
0
0
10000
11
10000
446186536
10000
16383
16366
16355
16367
16377
16348
16386
16382
16345
16367
16373
16350
16378
16364
16355
16365
16359
16370
16353
16361
16363
16365
16359
16372
16357
16349
16363
16356
16351
16361
16368
0
0
0
0
0
0
0
0
0
0
0
0
0
0
0
0
0
0
0
0
0
0
0
0
0
0
0
0
0
10000
12
10000
446919981
10000
16051
16060
16056
16058
16059
16065
16072
16069
16069
16056
16068
16055
16055
16054
16048
16059
16054
16043
16064
16049
16051
16065
16048
16056
16061
16063
16048
16059
16069
16066
16059
0
0
0
0
0
0
0
0
0
0
0
0
0
0
0
0
0
0
0
0
0
0
0
0
0
0
0
0
0
10000
11
10000
449374324
10000
16350
16343
16376
16353
16352
16379
16346
16345
16378
16345
16349
16376
16342
16337
16374
16344
16335
16379
16340
16328
16379
16360
16348
16386
16345
16350
16379
16354
16353
16377
16379
0
0
0
0
0
0
0
0
0
0
0
0
0
0
0
0
0
0
0
0
0
0
0
0
0
0
0
0
0
10000
12
10000
450107737
10000
16063
16061
16061
16069
16053
16053
16049
16053
16049
16050
16057
16041
16060
16047
16048
16042
16058
16044
16044
16050
16052
16035
16047
16042
16054
16051
16036
16048
16048
16049
16049
0
0
0
0
0
0
0
0
0
0
0
0
0
0
0
0
0
0
0
0
0
0
0
0
0
0
0
0
0
10000
11
10000
452561038
10000
16346
16348
16372
16343
16355
16376
16352
16351
16376
16358
16364
16350
16369
16370
16354
16379
16372
16341
16360
16360
16345
16379
16376
16341
16380
16380
16347
16379
16372
16353
16362
0
0
0
0
0
0
0
0
0
0
0
0
0
0
0
0
0
0
0
0
0
0
0
0
0
0
0
0
0
10000
12
10000
453295643
10000
16039
16047
16053
16050
16051
16048
16040
16039
16048
16068
16049
16047
16038
16034
16047
16030
16060
16048
16037
16045
16063
16030
16049
16036
16033
16050
16049
16050
16045
16037
16038
0
0
0
0
0
0
0
0
0
0
0
0
0
0
0
0
0
0
0
0
0
0
0
0
0
0
0
0
0
10000
11
10000
455749074
10000
16364
16362
16365
16373
16356
16381
16360
16367
16324
16408
16426
16279
16429
16428
16295
16396
16364
16351
16374
16356
16330
16423
16398
16324
16416
16375
16313
16356
16287
16458
16377
0
0
0
0
0
0
0
0
0
0
0
0
0
0
0
0
0
0
0
0
0
0
0
0
0
0
0
0
0
10000
12
10000
456481700
10000
16045
16078
16049
16037
16060
16029
16007
16088
16083
16025
16032
16019
16053
16038
16065
16060
16110
16078
16095
16056
16056
16053
16092
15900
16123
16080
16131
16003
16023
15997
16073
0
0
0
0
0
0
0
0
0
0
0
0
0
0
0
0
0
0
0
0
0
0
0
0
0
0
0
0
0
10000
11
10000
458935018
10000
16346
16279
16404
16321
16313
16403
16334
16353
16361
16357
16361
16360
16344
16352
16368
16330
16336
16385
16336
16338
16392
16362
16358
16367
16352
16354
16370
16350
16365
16357
16365
0
0
0
0
0
0
0
0
0
0
0
0
0
0
0
0
0
0
0
0
0
0
0
0
0
0
0
0
0
10000
12
10000
459668442
10000
16034
16044
16042
16037
16052
16081
16041
16025
16020
15996
16022
16045
16060
16046
16069
16068
16036
16045
16032
16048
16064
16050
16052
16068
16055
16044
16032
16059
16056
16039
16058
0
0
0
0
0
0
0
0
0
0
0
0
0
0
0
0
0
0
0
0
0
0
0
0
0
0
0
0
0
10000
11
10000
462122773
10000
16350
16346
16392
16346
16355
16378
16344
16347
16368
16362
16365
16371
16356
16366
16364
16351
16356
16359
16341
16380
16347
16371
16352
16368
16354
16354
16365
16358
16350
16364
16353
0
0
0
0
0
0
0
0
0
0
0
0
0
0
0
0
0
0
0
0
0
0
0
0
0
0
0
0
0
