10000
12
10000
1541464159
10000
16042
16062
16048
16053
16061
16056
16032
16042
16056
16056
16055
16062
16034
16066
16075
16053
16061
16052
16061
16053
16064
16064
16052
16065
16064
16054
16050
16058
16066
16054
16067
16060
16065
16059
16065
16075
16040
16061
16064
16058
16062
16066
16059
16065
16066
16045
16044
16052
16053
16051
16064
16047
16055
16055
16054
16068
16042
16049
16060
16056
10000
11
10000
1545890691
10000
16378
16378
16363
16378
16379
16370
16378
16385
16363
16378
16384
16355
16381
16382
16351
16389
16380
16368
16374
16389
16348
16376
16380
16355
16384
16363
16358
16385
16383
16362
16378
16382
16355
16374
16387
16367
16377
16378
16359
16381
16381
16375
16388
16368
16378
16365
16365
16379
16365
16359
16357
16379
16377
16366
16387
16358
16364
16373
16364
16359
10000
12
10000
1546624986
10000
16068
16060
16065
16072
16068
16065
16063
16070
16059
16050
16072
16063
16059
16066
16052
16056
16069
16062
16078
16080
16066
16059
16064
16081
16058
16062
16045
16073
16061
16060
16065
16076
16069
16067
16070
16081
16062
16059
16072
16060
16056
16063
16050
16049
16063
16050
16069
16054
16050
16064
0
0
0
0
0
0
0
0
0
0
10000
11
10000
1549079697
10000
16381
16382
16369
16385
16378
16362
16379
16368
16372
16380
16385
16369
16391
16376
16375
16385
16392
16364
16382
16381
16362
16383
16368
16366
16375
16372
16375
16378
16385
16365
16365
0
0
0
0
0
0
0
0
0
0
0
0
0
0
0
0
0
0
0
0
0
0
0
0
0
0
0
0
0
10000
12
10000
1549812943
10000
16062
16064
16055
16064
16055
16060
16062
16059
16067
16072
16060
16068
16080
16064
16054
16065
16078
16073
16056
16070
16065
16063
16075
16065
16070
16065
16068
16075
16078
16061
16076
16070
0
0
0
0
0
0
0
0
0
0
0
0
0
0
0
0
0
0
0
0
0
0
0
0
0
0
0
0
10000
12
10000
1553000948
10000
16052
16072
16076
16063
16073
16068
16058
16072
16068
16065
16061
16065
16072
16056
16066
16073
16063
16063
16078
16062
16064
16063
16063
16082
16078
16056
16071
16064
16069
16070
16073
0
0
0
0
0
0
0
0
0
0
0
0
0
0
0
0
0
0
0
0
0
0
0
0
0
0
0
0
0
10000
11
10000
1555454500
10000
16365
16366
16379
16372
16360
16377
16354
16359
16380
16369
16365
16384
16364
16364
16369
16365
16386
16387
16373
16376
16374
16360
16359
16373
16373
16376
16372
16380
16363
16359
16374
0
0
0
0
0
0
0
0
0
0
0
0
0
0
0
0
0
0
0
0
0
0
0
0
0
0
0
0
0
10000
12
10000
1557173138
10000
16062
16065
16064
16061
16065
16073
16066
16078
16060
16058
16054
16055
16071
16065
16057
16076
16073
16061
16070
16073
16060
16077
16074
16063
16069
16079
16067
16070
16063
16057
16060
16067
16054
16068
16065
16056
16080
16065
16068
16079
0
0
0
0
0
0
0
0
0
0
0
0
0
0
0
0
0
0
0
0
10000
11
10000
1559628858
10000
16367
16389
16362
16373
16382
16373
16379
16373
16369
16386
16389
16364
16376
16379
16359
16388
16393
16361
16380
16358
16371
16369
16365
16372
16378
16377
16375
16358
16379
16367
16373
16387
16368
16390
16365
16375
16377
16383
16377
16379
16383
0
0
0
0
0
0
0
0
0
0
0
0
0
0
0
0
0
0
0
10000
12
10000
1561346584
10000
16071
16058
16041
16062
16082
16073
16066
16074
16061
16060
16079
16082
16061
16059
16068
16053
16075
16060
16064
16077
16052
16063
16076
16073
16071
16063
16061
16060
16058
16069
16075
16059
16065
16079
16054
16078
16075
16069
16070
16054
16051
16066
0
0
0
0
0
0
0
0
0
0
0
0
0
0
0
0
0
0
10000
11
10000
1565772215
10000
16369
16370
16373
16373
16375
16373
16369
16375
16374
16376
16359
16373
16377
16366
16380
16374
16374
16364
16375
16376
16361
16376
16371
16356
16380
16380
16357
16391
16383
16366
16373
16381
16367
16382
16390
16366
16372
16373
16381
16375
16371
16369
16367
16377
16380
16377
16381
16370
16366
16378
16370
16377
16358
16368
16377
16357
16371
16373
16382
16356
10000
12
10000
1567490989
10000
16061
16047
16060
16050
16056
16062
16054
16056
16058
16052
16061
16062
16067
16060
16059
16081
16072
16076
16059
16048
16052
16051
16055
16053
16052
16043
16064
16071
16058
16058
16072
16069
16073
16083
16063
16067
16056
16066
16071
16063
16052
16071
16063
16056
16068
16067
16063
16065
16064
16063
16061
16058
16072
16052
16063
16071
16062
16062
16070
16073
10000
11
10000
1572903131
10000
16393
16369
16367
16382
16352
16381
16381
16354
16390
16376
16381
16372
16372
16370
16382
16372
16382
16364
16358
16370
16375
16369
16374
16381
16370
16378
16373
16376
16374
16366
16372
16375
16366
16381
16366
16376
16378
16368
16374
16356
16374
16380
16368
16383
16356
16368
16366
16369
16373
16384
16371
16357
16382
16370
16378
16386
16374
16360
16372
16371
10000
12
10000
1574621907
10000
16071
16069
16063
16074
16064
16066
16069
16066
16071
16066
16077
16076
16067
16073
16084
16060
16065
16068
16066
16055
16074
16061
16080
16050
16065
16061
16063
16057
16079
16074
16067
16067
16065
16063
16063
16065
16077
16059
16072
16083
16051
16077
16067
16080
16071
16057
16062
16058
16068
16070
16055
16052
16057
16053
16071
16060
16066
16071
16060
16062
10000
11
10000
1577077793
10000
16366
16363
16384
16363
16375
16385
16377
16380
16369
16373
16367
16371
16388
16375
16360
16391
16371
16368
16372
16365
16360
16368
16390
16362
16387
16374
16368
16375
16376
16372
16368
16367
16365
16381
16392
16354
16380
16373
16372
16373
16370
0
0
0
0
0
0
0
0
0
0
0
0
0
0
0
0
0
0
0
10000
12
10000
1577810890
10000
16066
16064
16070
16067
16076
16065
16068
16076
16076
16062
16077
16068
16056
16067
16072
16067
16062
16054
16070
16073
16056
16068
16071
16058
16063
16061
16043
16072
16062
16064
16063
0
0
0
0
0
0
0
0
0
0
0
0
0
0
0
0
0
0
0
0
0
0
0
0
0
0
0
0
0
10000
11
10000
1581260020
10000
16376
16371
16366
16379
16358
16374
16374
16374
16369
16385
16366
16375
16357
16386
16364
16378
16383
16364
16379
16376
16388
16373
16373
16372
16376
16386
16360
16381
16392
16369
16364
16375
16365
16349
16379
16369
16365
16383
16361
16373
16389
0
0
0
0
0
0
0
0
0
0
0
0
0
0
0
0
0
0
0
10000
12
10000
1581993362
10000
16069
16063
16073
16066
16059
16074
16066
16065
16074
16054
16083
16078
16056
16076
16060
16044
16080
16063
16067
16062
16070
16065
16073
16055
16064
16077
16046
16061
16056
16063
16069
16062
16053
16064
16065
16050
16061
16061
16065
16071
16057
0
0
0
0
0
0
0
0
0
0
0
0
0
0
0
0
0
0
0
10000
11
10000
1584448942
10000
16345
16362
16388
16366
16359
16377
16360
16341
16385
16361
16362
16363
16370
16350
16369
16379
16414
16346
16408
16371
16380
16362
16366
16364
16411
16295
16469
16268
16258
16504
16468
0
0
0
0
0
0
0
0
0
0
0
0
0
0
0
0
0
0
0
0
0
0
0
0
0
0
0
0
0
10000
12
10000
1585182238
10000
16063
16092
16061
16054
16055
16046
16042
16048
16083
16044
16085
15999
16080
16024
16069
16074
16092
16004
16006
15968
16008
16105
15926
16078
15999
16055
16059
16080
16021
16057
16058
0
0
0
0
0
0
0
0
0
0
0
0
0
0
0
0
0
0
0
0
0
0
0
0
0
0
0
0
0
10000
11
10000
1587635921
10000
16264
16308
16430
16378
16396
16350
16403
16387
16359
16370
16377
16366
16374
16367
16358
16389
16376
16351
16386
16382
16363
16376
16375
16373
16389
16376
16369
16367
16367
16389
16368
0
0
0
0
0
0
0
0
0
0
0
0
0
0
0
0
0
0
0
0
0
0
0
0
0
0
0
0
0
10000
12
10000
1588369218
10000
16040
16090
16066
16063
16055
16059
16047
16091
16066
16060
16072
16078
16056
16074
16076
16070
16077
16066
16046
16081
16052
16070
16059
16065
16059
16063
16067
16070
16057
16035
16052
0
0
0
0
0
0
0
0
0
0
0
0
0
0
0
0
0
0
0
0
0
0
0
0
0
0
0
0
0
10000
11
10000
1590822958
10000
16360
16367
16371
16368
16378
16357
16377
16366
16367
16376
16373
16361
16366
16361
16379
16371
16345
16380
16359
16349
16388
16346
16368
16385
16359
16370
16365
16367
16367
16376
16385
0
0
0
0
0
0
0
0
0
0
0
0
0
0
0
0
0
0
0
0
0
0
0
0
0
0
0
0
0
10000
12
10000
1591556223
10000
16046
16048
16039
16027
16036
16034
16038
16032
16042
16042
16033
16054
16036
16032
16034
16029
16047
16038
16040
16058
16028
16049
16038
16058
16053
16061
16067
16067
16062
16044
16052
0
0
0
0
0
0
0
0
0
0
0
0
0
0
0
0
0
0
0
0
0
0
0
0
0
0
0
0
0
10000
11
10000
1594009856
10000
16355
16371
16379
16364
16367
16386
16377
16350
16371
16377
16351
16378
16367
16371
16367
16368
16371
16372
16362
16367
16377
16374
16369
16369
16378
16395
16362
16380
16385
16375
16367
0
0
0
0
0
0
0
0
0
0
0
0
0
0
0
0
0
0
0
0
0
0
0
0
0
0
0
0
0
10000
12
10000
1594742189
10000
16049
16033
16047
16062
16051
16041
16055
16050
16058
16063
16057
16065
16065
16054
16072
16048
16059
16070
16062
16071
16066
16051
16059
16056
16061
16061
16040
16037
16068
16048
16060
0
0
0
0
0
0
0
0
0
0
0
0
0
0
0
0
0
0
0
0
0
0
0
0
0
0
0
0
0
10000
11
10000
1597196416
10000
16380
16379
16361
16380
16377
16374
16360
16387
16358
16373
16370
16362
16391
16382
16368
16383
16379
16363
16382
16398
16369
16389
16381
16360
16381
16372
16370
16376
16378
16362
16349
0
0
0
0
0
0
0
0
0
0
0
0
0
0
0
0
0
0
0
0
0
0
0
0
0
0
0
0
0
10000
12
10000
1597929699
10000
16064
16060
16042
16063
16068
16055
16068
16078
16055
16067
16064
16072
16064
16064
16060
16068
16055
16063
16046
16066
16051
16071
16080
16076
16063
16060
16059
16042
16087
16064
16060
0
0
0
0
0
0
0
0
0
0
0
0
0
0
0
0
0
0
0
0
0
0
0
0
0
0
0
0
0
10000
11
10000
1600384613
10000
16390
16373
16365
16379
16380
16361
16388
16388
16358
16380
16368
16372
16362
16364
16372
16365
16361
16373
16352
16364
16390
16359
16368
16378
16356
16369
16381
16355
16361
16383
16376
0
0
0
0
0
0
0
0
0
0
0
0
0
0
0
0
0
0
0
0
0
0
0
0
0
0
0
0
0
10000
12
10000
1601116987
10000
16050
16069
16083
16043
16062
16046
16054
16049
16055
16054
16070
16050
16048
16052
16060
16056
16062
16061
16052
16055
16073
16076
16059
16065
16075
16065
16064
16041
16029
16060
16069
0
0
0
0
0
0
0
0
0
0
0
0
0
0
0
0
0
0
0
0
0
0
0
0
0
0
0
0
0
10000
11
10000
1604569655
10000
16355
16377
16375
16363
16354
16388
16362
16373
16383
16367
16350
16385
16373
16369
16395
16359
16364
16390
16358
16350
16384
16367
16363
16376
16376
16374
16368
16371
16379
16357
16375
16373
16380
16381
16362
16375
16381
16367
16373
16365
16375
0
0
0
0
0
0
0
0
0
0
0
0
0
0
0
0
0
0
0
10000
12
10000
1605303038
10000
16062
16041
16078
16063
16071
16076
16070
16060
16064
16055
16067
16071
16053
16060
16076
16053
16069
16076
16069
16072
16084
16064
16049
16067
16067
16060
16065
16075
16040
16060
16072
16067
16071
16071
16044
16067
16054
16063
16069
16078
16073
0
0
0
0
0
0
0
0
0
0
0
0
0
0
0
0
0
0
0
10000
11
10000
1607758993
10000
16380
16358
16379
16383
16361
16378
16393
16366
16372
16378
16373
16380
16362
16376
16369
16345
16358
16388
16389
16362
16374
16389
16358
16374
16403
16328
16401
16411
16366
16389
16393
0
0
0
0
0
0
0
0
0
0
0
0
0
0
0
0
0
0
0
0
0
0
0
0
0
0
0
0
0
10000
12
10000
1608492453
10000
16080
16067
16050
16070
16076
16058
16054
16070
16073
16080
16058
16052
16082
16059
16062
16081
16046
16067
16054
16041
16061
16033
16058
16079
16047
16075
16080
16055
16053
16078
16059
0
0
0
0
0
0
0
0
0
0
0
0
0
0
0
0
0
0
0
0
0
0
0
0
0
0
0
0
0
10000
11
10000
1610948302
10000
16392
16371
16372
16359
16388
16373
16361
16378
16381
16384
16376
16372
16375
16367
16370
16377
16369
16366
16350
16385
16375
16362
16378
16360
16348
16400
16347
16357
16381
16351
16361
0
0
0
0
0
0
0
0
0
0
0
0
0
0
0
0
0
0
0
0
0
0
0
0
0
0
0
0
0
10000
12
10000
1611681948
10000
16058
16066
16051
16064
16047
16063
16066
16040
16049
16052
16047
16052
16059
16054
16040
16053
16040
16041
16059
16056
16078
16068
16070
16065
16073
16054
16053
16060
16055
16063
16074
0
0
0
0
0
0
0
0
0
0
0
0
0
0
0
0
0
0
0
0
0
0
0
0
0
0
0
0
0
10000
11
10000
1614136723
10000
16367
16395
16361
16359
16391
16343
16356
16388
16341
16348
16392
16352
16361
16388
16356
16362
16384
16369
16364
16370
16363
16360
16369
16364
16362
16375
16371
16351
16379
16380
16369
0
0
0
0
0
0
0
0
0
0
0
0
0
0
0
0
0
0
0
0
0
0
0
0
0
0
0
0
0
10000
12
10000
1614869210
10000
16055
16060
16052
16061
16049
16061
16057
16064
16048
16048
16069
16053
16066
16088
16064
16061
16059
16059
16071
16053
16048
16085
16075
16060
16076
16069
16047
16060
16051
16068
16077
0
0
0
0
0
0
0
0
0
0
0
0
0
0
0
0
0
0
0
0
0
0
0
0
0
0
0
0
0
10000
11
10000
1617323979
10000
16367
16376
16378
16373
16372
16374
16383
16363
16377
16395
16355
16385
16392
16358
16380
16383
16363
16378
16384
16358
16388
16387
16371
16381
16394
16340
16383
16381
16342
16387
16368
0
0
0
0
0
0
0
0
0
0
0
0
0
0
0
0
0
0
0
0
0
0
0
0
0
0
0
0
0
10000
12
10000
1618057525
10000
16061
16062
16070
16059
16073
16075
16067
16077
16073
16056
16072
16073
16070
16083
16077
16068
16078
16061
16054
16091
16055
16075
16072
16072
16069
16075
16065
16075
16083
16068
16078
0
0
0
0
0
0
0
0
0
0
0
0
0
0
0
0
0
0
0
0
0
0
0
0
0
0
0
0
0
10000
11
10000
1621498296
10000
16397
16357
16383
16375
16355
16385
16376
16365
16381
16378
16369
16378
16384
16366
16372
16376
16364
16368
16363
16370
16373
16382
16366
16385
16370
16380
16363
16366
16383
16358
16368
16382
16369
16360
16383
16365
16346
16399
16344
16348
16390
0
0
0
0
0
0
0
0
0
0
0
0
0
0
0
0
0
0
0
10000
12
10000
1622231952
10000
16061
16063
16089
16071
16047
16065
16060
16062
16077
16050
16060
16068
16052
16040
16085
16052
16043
16062
16040
16062
16074
16065
16068
16066
16071
16060
16078
16050
16069
16066
16056
16069
16058
16067
16061
16044
16078
16057
16055
16079
16065
0
0
0
0
0
0
0
0
0
0
0
0
0
0
0
0
0
0
0
10000
11
10000
1624686603
10000
16393
16364
16388
16404
16340
16400
16387
16350
16394
16388
16358
16385
16389
16355
16385
16386
16354
16379
16394
16360
16379
16383
16368
16373
16364
16373
16378
16374
16378
16370
16369
0
0
0
0
0
0
0
0
0
0
0
0
0
0
0
0
0
0
0
0
0
0
0
0
0
0
0
0
0
10000
12
10000
1625419952
10000
16061
16069
16050
16065
16070
16053
16050
16065
16063
16056
16075
16061
16052
16072
16046
16069
16057
16059
16058
16053
16064
16074
16056
16073
16057
16044
16068
16061
16062
16075
16075
0
0
0
0
0
0
0
0
0
0
0
0
0
0
0
0
0
0
0
0
0
0
0
0
0
0
0
0
0
10000
11
10000
1627874725
10000
16368
16362
16369
16362
16381
16372
16369
16388
16364
16366
16378
16364
16358
16386
16348
16342
16388
16356
16354
16402
16346
16357
16395
16347
16359
16390
16354
16353
16391
16360
16346
0
0
0
0
0
0
0
0
0
0
0
0
0
0
0
0
0
0
0
0
0
0
0
0
0
0
0
0
0
10000
12
10000
1628609616
10000
16059
16044
16066
16049
16062
16071
16053
16063
16071
16073
16079
16081
16071
16073
16072
16057
16073
16060
16076
16077
16074
16090
16070
16075
16082
16056
16077
16076
16057
16060
16085
0
0
0
0
0
0
0
0
0
0
0
0
0
0
0
0
0
0
0
0
0
0
0
0
0
0
0
0
0
10000
11
10000
1631064277
10000
16362
16386
16348
16365
16379
16365
16359
16393
16359
16358
16373
16363
16376
16371
16373
16372
16371
16365
16382
16370
16368
16376
16371
16378
16383
16365
16375
16388
16362
16363
16389
0
0
0
0
0
0
0
0
0
0
0
0
0
0
0
0
0
0
0
0
0
0
0
0
0
0
0
0
0
10000
12
10000
1631798886
10000
16067
16068
16080
16072
16067
16079
16057
16067
16071
16072
16067
16079
16072
16081
16073
16073
16089
16060
16085
16072
16057
16081
16083
16063
16071
16072
16055
16072
16071
16066
16055
0
0
0
0
0
0
0
0
0
0
0
0
0
0
0
0
0
0
0
0
0
0
0
0
0
0
0
0
0
10000
11
10000
1634254042
10000
16393
16354
16386
16382
16346
16392
16383
16359
16397
16381
16352
16393
16379
16366
16387
16391
16355
16394
16432
16325
16405
16379
16364
16375
16383
16357
16396
16396
16363
16367
16298
0
0
0
0
0
0
0
0
0
0
0
0
0
0
0
0
0
0
0
0
0
0
0
0
0
0
0
0
0
10000
12
10000
1634988569
10000
16054
16082
16067
16081
16057
16064
16069
16045
16052
16073
16075
16061
16065
16064
16047
16055
16094
16067
16050
16070
16057
16185
16028
16102
16099
16034
16078
16109
16078
16100
16080
0
0
0
0
0
0
0
0
0
0
0
0
0
0
0
0
0
0
0
0
0
0
0
0
0
0
0
0
0
