10000
12
10000
2317087059
10000
16047
16064
16081
16058
16071
16063
16080
16071
16056
16083
16083
16070
16066
16076
16067
16075
16072
16066
16070
16076
16067
16074
16091
16055
16073
16071
16057
16071
16054
16059
16066
16058
16065
16076
16079
16066
16047
16074
16067
16061
16072
16075
16035
16065
16064
16031
16066
16012
16062
16047
16051
16059
16059
16048
16079
16064
16051
16045
16059
16071
10000
11
10000
2319541074
10000
16389
16387
16365
16349
16400
16355
16367
16403
16358
16358
16393
16375
16389
16379
16380
16379
16375
16361
16375
16381
16374
16360
16388
16368
16372
16387
16374
16375
16380
16366
16383
0
0
0
0
0
0
0
0
0
0
0
0
0
0
0
0
0
0
0
0
0
0
0
0
0
0
0
0
0
10000
12
10000
2320276787
10000
16054
16087
16084
16065
16074
16077
16065
16058
16061
16072
16072
16076
16060
16075
16070
16069
16066
16070
16061
16056
16067
16055
16070
16074
16071
16073
16081
16059
16069
16066
16056
16072
0
0
0
0
0
0
0
0
0
0
0
0
0
0
0
0
0
0
0
0
0
0
0
0
0
0
0
0
10000
11
10000
2322730502
10000
16382
16375
16384
16371
16379
16367
16391
16382
16378
16372
16383
16374
16368
16386
16389
16381
16382
16372
16378
16376
16369
16384
16370
16389
16390
16372
16390
16379
16361
16360
16376
0
0
0
0
0
0
0
0
0
0
0
0
0
0
0
0
0
0
0
0
0
0
0
0
0
0
0
0
0
10000
12
10000
2323463227
10000
16087
16087
16074
16085
16072
16075
16077
16073
16077
16055
16095
16071
16064
16082
16074
16069
16065
16076
16039
16087
16062
16068
16089
16053
16067
16077
16060
16067
16086
16079
16072
0
0
0
0
0
0
0
0
0
0
0
0
0
0
0
0
0
0
0
0
0
0
0
0
0
0
0
0
0
10000
11
10000
2325919014
10000
16384
16360
16381
16380
16375
16377
16381
16374
16383
16389
16361
16386
16385
16366
16386
16387
16374
16387
16378
16383
16382
16376
16384
16370
16383
16371
16375
16375
16387
16379
16375
0
0
0
0
0
0
0
0
0
0
0
0
0
0
0
0
0
0
0
0
0
0
0
0
0
0
0
0
0
10000
12
10000
2326652795
10000
16079
16072
16069
16057
16063
16072
16072
16065
16065
16065
16064
16066
16072
16072
16064
16060
16060
16068
16051
16055
16055
16056
16065
16079
16066
16073
16065
16061
16070
16088
16056
0
0
0
0
0
0
0
0
0
0
0
0
0
0
0
0
0
0
0
0
0
0
0
0
0
0
0
0
0
10000
11
10000
2329106635
10000
16385
16374
16370
16358
16381
16370
16368
16374
16373
16360
16387
16362
16383
16385
16363
16370
16385
16364
16354
16390
16375
16371
16386
16372
16373
16377
16377
16369
16384
16392
16377
0
0
0
0
0
0
0
0
0
0
0
0
0
0
0
0
0
0
0
0
0
0
0
0
0
0
0
0
0
10000
12
10000
2329841000
10000
16051
16066
16054
16057
16072
16069
16071
16067
16057
16067
16058
16051
16062
16057
16048
16061
16049
16058
16079
16056
16074
16059
16052
16076
16063
16050
16079
16076
16061
16076
16074
0
0
0
0
0
0
0
0
0
0
0
0
0
0
0
0
0
0
0
0
0
0
0
0
0
0
0
0
0
10000
11
10000
2332295433
10000
16374
16393
16356
16369
16389
16374
16389
16372
16376
16386
16371
16382
16371
16373
16387
16378
16385
16369
16372
16369
16382
16384
16369
16386
16368
16372
16374
16368
16378
16369
16381
0
0
0
0
0
0
0
0
0
0
0
0
0
0
0
0
0
0
0
0
0
0
0
0
0
0
0
0
0
10000
12
10000
2333028063
10000
16071
16065
16063
16074
16088
16081
16077
16078
16074
16078
16086
16059
16069
16067
16078
16061
16087
16053
16068
16083
16062
16072
16066
16059
16067
16055
16060
16065
16055
16073
16064
0
0
0
0
0
0
0
0
0
0
0
0
0
0
0
0
0
0
0
0
0
0
0
0
0
0
0
0
0
10000
11
10000
2335486052
10000
16377
16374
16390
16377
16376
16385
16392
16369
16379
16387
16388
16367
16386
16376
16380
16365
16373
16383
16376
16385
16376
16388
16379
16384
16370
16397
16373
16373
16373
16377
16382
0
0
0
0
0
0
0
0
0
0
0
0
0
0
0
0
0
0
0
0
0
0
0
0
0
0
0
0
0
10000
12
10000
2336219691
10000
16080
16079
16076
16071
16074
16061
16057
16078
16082
16062
16076
16052
16059
16068
16053
16065
16072
16070
16060
16069
16063
16041
16073
16061
16064
16081
16073
16072
16066
16055
16070
0
0
0
0
0
0
0
0
0
0
0
0
0
0
0
0
0
0
0
0
0
0
0
0
0
0
0
0
0
10000
11
10000
2338676345
10000
16368
16380
16364
16383
16378
16375
16375
16390
16369
16364
16397
16367
16376
16390
16354
16371
16384
16364
16376
16379
16375
16358
16389
16378
16372
16381
16381
16376
16379
16388
16374
0
0
0
0
0
0
0
0
0
0
0
0
0
0
0
0
0
0
0
0
0
0
0
0
0
0
0
0
0
10000
12
10000
2339410576
10000
16059
16059
16069
16062
16054
16090
16062
16060
16068
16054
16060
16072
16054
16062
16061
16039
16047
16070
16056
16080
16076
16058
16088
16061
16070
16089
16082
16061
16067
16072
16063
0
0
0
0
0
0
0
0
0
0
0
0
0
0
0
0
0
0
0
0
0
0
0
0
0
0
0
0
0
10000
11
10000
2342850013
10000
16356
16392
16364
16374
16386
16374
16372
16378
16362
16386
16372
16378
16386
16374
16391
16377
16384
16369
16389
16374
16388
16384
16365
16371
16375
16362
16391
16404
16375
16364
16388
16391
16364
16385
16371
16370
16389
16386
16370
16381
0
0
0
0
0
0
0
0
0
0
0
0
0
0
0
0
0
0
0
0
10000
12
10000
2344569095
10000
16073
16059
16065
16072
16072
16054
16080
16073
16058
16084
16063
16076
16064
16046
16075
16089
16058
16079
16069
16056
16078
16082
16065
16063
16071
16062
16065
16060
16079
16073
16068
16082
16065
16076
16073
16074
16083
16069
16078
16069
16064
16063
16061
16070
16067
16052
16082
16053
16088
16079
0
0
0
0
0
0
0
0
0
0
10000
11
10000
2347025059
10000
16387
16367
16389
16398
16364
16391
16393
16368
16390
16377
16374
16383
16387
16374
16384
16380
16369
16394
16381
16364
16375
16379
16380
16381
16378
16386
16363
16373
16376
16361
16385
16369
16375
16379
16371
16374
16362
16377
16376
16371
16377
0
0
0
0
0
0
0
0
0
0
0
0
0
0
0
0
0
0
0
10000
12
10000
2347758872
10000
16065
16081
16064
16068
16059
16065
16062
16073
16073
16078
16063
16069
16075
16064
16079
16075
16062
16085
16081
16058
16082
16069
16066
16064
16072
16061
16083
16071
16070
16077
16082
16065
0
0
0
0
0
0
0
0
0
0
0
0
0
0
0
0
0
0
0
0
0
0
0
0
0
0
0
0
10000
11
10000
2350213838
10000
16393
16374
16369
16388
16374
16378
16381
16366
16372
16380
16363
16370
16384
16357
16359
16394
16369
16357
16384
16370
16386
16383
16370
16383
16376
16375
16385
16375
16375
16378
16376
16389
0
0
0
0
0
0
0
0
0
0
0
0
0
0
0
0
0
0
0
0
0
0
0
0
0
0
0
0
10000
12
10000
2351931847
10000
16063
16081
16065
16065
16070
16069
16064
16068
16074
16059
16061
16067
16052
16074
16080
16077
16071
16075
16068
16083
16087
16072
16082
16085
16071
16084
16082
16055
16095
16086
16074
16078
16089
16084
16081
16063
16081
16084
16076
16064
0
0
0
0
0
0
0
0
0
0
0
0
0
0
0
0
0
0
0
0
10000
11
10000
2356356523
10000
16372
16377
16381
16380
16378
16373
16375
16375
16373
16383
16365
16373
16382
16366
16386
16382
16370
16377
16382
16368
16400
16387
16360
16383
16386
16364
16375
16382
16372
16384
16382
16371
16394
16401
16369
16392
16397
16357
16392
16377
16363
16374
16382
16368
16400
16385
16370
16378
16379
16370
16378
16379
16380
16386
16371
16385
16372
16368
16379
16385
10000
12
10000
2358074719
10000
16068
16072
16076
16083
16074
16083
16090
16056
16074
16083
16065
16073
16075
16054
16071
16071
16065
16085
16064
16075
16081
16063
16065
16066
16064
16078
16078
16066
16078
16063
16076
16074
16058
16079
16081
16063
16066
16065
16053
16078
16060
16053
16077
16053
16053
16065
16058
16054
16083
16069
16074
16069
16071
16061
16061
16073
16066
16068
16068
16070
10000
11
10000
2362499254
10000
16372
16384
16389
16356
16389
16387
16357
16385
16368
16375
16383
16385
16367
16385
16389
16371
16392
16394
16360
16393
16400
16366
16389
16393
16373
16387
16382
16364
16387
16395
16359
16392
16392
16365
16389
16370
16375
16383
16388
16377
16375
16378
16380
16380
16378
16381
16379
16378
16370
16378
16365
16370
16382
16381
16361
16389
16365
16369
16393
16365
10000
12
10000
2364218298
10000
16078
16070
16060
16072
16066
16073
16063
16066
16064
16060
16059
16072
16068
16069
16080
16062
16067
16088
16067
16068
16077
16072
16065
16075
16079
16071
16078
16071
16090
16074
16068
16076
16066
16080
16064
16063
16073
16062
16069
16075
16075
16059
16074
16052
16056
16058
16059
16070
16057
16073
16066
16065
16063
16073
16054
16056
16079
16065
16054
16060
10000
11
10000
2368642979
10000
16363
16396
16360
16359
16394
16361
16365
16398
16375
16371
16387
16367
16359
16388
16361
16364
16388
16366
16366
16391
16370
16364
16380
16381
16373
16376
16374
16381
16377
16359
16391
16370
16377
16384
16369
16383
16380
16387
16369
16357
16380
16387
16399
16360
16391
16408
16351
16412
16393
16339
16353
16353
16387
16363
16366
16392
16365
16348
16392
16367
10000
12
10000
2370362364
10000
16062
16049
16067
16060
16043
16068
16063
16058
16070
16054
16047
16057
16053
16048
16045
16057
16051
16057
16057
16068
16061
16052
16074
16034
16056
16049
16062
16063
16055
16043
16059
16059
16054
16070
16039
16060
16049
16059
16045
16083
16047
16060
16062
16051
16067
16051
16054
16068
16061
16055
16064
16051
16050
16053
16049
16062
16079
16047
16062
16070
10000
11
10000
2374787225
10000
16347
16397
16358
16358
16398
16345
16361
16397
16363
16371
16370
16368
16368
16379
16377
16353
16392
16370
16367
16392
16363
16373
16395
16378
16386
16375
16388
16387
16368
16397
16384
16350
16405
16394
16366
16398
16377
16372
16384
16394
16349
16397
16386
16352
16399
16384
16358
16402
16396
16363
16358
16364
16389
16376
16371
16383
16366
16352
16381
16378
10000
12
10000
2375520089
10000
16058
16057
16068
16067
16055
16080
16059
16054
16060
16037
16056
16066
16045
16060
16068
16052
16056
16068
16066
16076
16059
16071
16068
16072
16062
16051
16060
16060
16066
16059
16068
16056
16051
16063
16069
16065
16066
16038
16057
16062
16053
16064
16051
16040
16062
16055
16048
16057
16050
16052
16066
0
0
0
0
0
0
0
0
0
10000
11
10000
2377973896
10000
16372
16386
16362
16363
16401
16367
16366
16380
16377
16356
16387
16376
16370
16380
16378
16382
16375
16381
16390
16374
16376
16385
16377
16380
16365
16373
16392
16362
16371
16393
16358
16362
0
0
0
0
0
0
0
0
0
0
0
0
0
0
0
0
0
0
0
0
0
0
0
0
0
0
0
0
10000
12
10000
2378707729
10000
16064
16040
16060
16061
16041
16052
16061
16035
16056
16058
16060
16082
16059
16053
16076
16060
16069
16078
16050
16064
16071
16050
16048
16057
16050
16066
16061
16056
16081
16074
16060
0
0
0
0
0
0
0
0
0
0
0
0
0
0
0
0
0
0
0
0
0
0
0
0
0
0
0
0
0
10000
11
10000
2381164575
10000
16366
16404
16355
16348
16394
16367
16358
16395
16350
16358
16395
16357
16349
16394
16362
16372
16391
16362
16353
16395
16351
16379
16383
16367
16385
16371
16370
16379
16391
16364
16376
0
0
0
0
0
0
0
0
0
0
0
0
0
0
0
0
0
0
0
0
0
0
0
0
0
0
0
0
0
10000
12
10000
2381897414
10000
16075
16060
16079
16083
16074
16082
16087
16083
16061
16079
16090
16096
16082
16074
16081
16075
16067
16087
16086
16071
16095
16091
16078
16072
16069
16080
16084
16074
16069
16081
16079
0
0
0
0
0
0
0
0
0
0
0
0
0
0
0
0
0
0
0
0
0
0
0
0
0
0
0
0
0
10000
11
10000
2384353336
10000
16379
16376
16369
16368
16393
16382
16377
16360
16388
16392
16359
16392
16397
16348
16397
16395
16367
16410
16390
16372
16397
16383
16366
16394
16405
16355
16395
16402
16354
16395
16398
0
0
0
0
0
0
0
0
0
0
0
0
0
0
0
0
0
0
0
0
0
0
0
0
0
0
0
0
0
10000
12
10000
2386071625
10000
16066
16072
16082
16072
16088
16076
16079
16080
16069
16081
16080
16073
16087
16089
16070
16078
16064
16064
16052
16057
16068
16075
16055
16052
16058
16055
16066
16057
16065
16065
16068
16064
16070
16071
16084
16071
16067
16082
16073
16083
0
0
0
0
0
0
0
0
0
0
0
0
0
0
0
0
0
0
0
0
10000
11
10000
2390497590
10000
16406
16346
16392
16399
16349
16398
16387
16365
16391
16380
16364
16394
16394
16381
16388
16393
16380
16381
16386
16371
16377
16379
16373
16375
16378
16384
16387
16385
16378
16365
16380
16378
16368
16367
16397
16369
16372
16400
16362
16348
16393
16357
16342
16407
16349
16375
16398
16344
16360
16393
16354
16396
16391
16364
16389
16402
16357
16398
16394
16364
10000
12
10000
2392215986
10000
16063
16079
16065
16064
16079
16066
16065
16084
16082
16068
16087
16064
16075
16067
16056
16058
16063
16060
16070
16084
16079
16080
16071
16065
16081
16061
16060
16066
16058
16074
16062
16054
16072
16064
16063
16084
16063
16087
16078
16066
16083
16076
16067
16075
16064
16051
16061
16080
16066
16071
16079
16066
16084
16080
16073
16076
16071
16082
16078
16068
10000
11
10000
2396641751
10000
16364
16389
16356
16362
16380
16372
16350
16397
16372
16375
16391
16365
16373
16383
16369
16381
16374
16373
16383
16380
16387
16373
16369
16396
16387
16360
16401
16401
16370
16381
16400
16359
16397
16388
16347
16404
16400
16361
16393
16391
16365
16392
16396
16369
16394
16396
16349
16407
16405
16362
16364
16387
16361
16363
16387
16369
16362
16400
16368
16374
10000
12
10000
2398360072
10000
16067
16072
16071
16056
16075
16078
16078
16087
16063
16074
16080
16058
16078
16068
16058
16071
16066
16072
16056
16080
16065
16077
16071
16081
16075
16071
16079
16065
16068
16074
16055
16077
16074
16073
16087
16087
16074
16093
16084
16056
16071
16072
16059
16068
16072
16058
16072
16080
16076
16071
10000
11
10000
2402785824
10000
16366
16390
16382
16373
16383
16379
16380
16379
16371
16381
16375
16382
16376
16365
16402
16387
16355
16390
16403
16368
16389
16391
16369
16395
16403
16356
16393
16399
16353
16399
16396
16356
16397
16388
16347
16395
16397
16362
16394
16407
16365
16389
16404
16351
16400
16403
16360
16398
16396
16366
16366
16398
16366
16357
16392
16370
16384
16374
16373
16384
10000
12
10000
2404505457
10000
16045
16074
16068
16077
16079
16068
16066
16075
16056
16076
16078
16059
16057
16073
16077
16065
16069
16061
16065
16074
16068
16061
16065
16075
16072
16084
16078
16074
16085
16074
16083
16073
16065
16052
16071
16062
16061
16070
16074
16061
16081
16074
16052
16061
16075
16073
16077
16064
16062
16072
16085
16072
16078
16067
16078
16062
16058
16066
16068
16048
10000
11
10000
2408932009
10000
16386
16379
16386
16386
16375
16384
16392
16372
16390
16395
16364
16384
16393
16357
16395
16394
16362
16391
16390
16369
16390
16385
16360
16396
16386
16350
16403
16359
16360
16407
16364
16362
16386
16364
16351
16403
16363
16358
16393
16370
16359
16392
16356
16372
16387
16367
16375
16372
16391
16377
16382
16370
16372
16387
16357
16398
16392
16373
16383
16395
10000
12
10000
2410651874
10000
16061
16076
16059
16067
16075
16054
16068
16075
16058
16064
16072
16049
16062
16080
16076
16084
16072
16061
16080
16072
16069
16068
16077
16064
16062
16074
16059
16068
16075
16062
16054
16063
16070
16066
16088
16085
16077
16062
16061
16033
16064
16064
16060
16056
16042
16053
16046
16049
16053
16053
16068
16065
16050
16058
16052
16045
16050
16060
16066
16069
10000
11
10000
2415076281
10000
16399
16367
16388
16390
16375
16391
16394
16360
16404
16339
16352
16401
16356
16353
16393
16354
16357
16407
16351
16358
16386
16358
16377
16391
16368
16369
16394
16349
16362
16404
16365
16350
16385
16366
16364
16390
16360
16365
16376
16376
16385
16382
16381
16385
16370
16390
16374
16372
16388
16391
16394
16368
16392
16394
16366
16392
16389
16368
16408
16385
10000
12
10000
2416795767
10000
16076
16063
16067
16064
16074
16046
16051
16054
16052
16062
16068
16052
16070
16083
16058
16090
16082
16082
16075
16066
16065
16073
16060
16085
16066
16082
16070
16060
16065
16073
16077
16080
16084
16065
16078
16073
16060
16064
16071
16066
16063
16060
16057
16077
16076
16066
16068
16079
16064
16067
16073
16064
16055
16062
16065
16064
16070
16086
16078
16071
10000
11
10000
2421221527
10000
16355
16349
16398
16350
16348
16409
16353
16362
16393
16362
16360
16390
16364
16358
16386
16365
16365
16392
16364
16357
16402
16363
16367
16378
16365
16364
16390
16375
16371
16388
16380
16375
16389
16383
16385
16367
16383
16388
16377
16391
16389
16355
16391
16387
16362
16384
16381
16367
16400
16397
16400
16370
16399
16401
16360
16405
16414
16363
16393
16400
10000
12
10000
2422940055
10000
16078
16083
16067
16071
16066
16064
16068
16069
16059
16080
16091
16071
16084
16069
16082
16086
16078
16076
16075
16066
16066
16063
16066
16070
16087
16092
16058
16078
16071
16076
16073
16067
16075
16056
16067
16068
16079
16071
16067
16063
16077
16087
16072
16086
16080
16077
16091
16077
16097
16083
16074
16073
16059
16071
16071
16080
16063
16084
16072
16073
10000
11
10000
2429504211
10000
16375
16351
16379
16382
16381
16386
16383
16384
16381
16378
16369
16380
16392
16369
16396
16392
16372
16397
16379
16352
16395
16392
16347
16395
16409
16374
16393
16392
16354
16391
16390
16356
16410
16403
16360
16387
16392
16367
16393
16393
16375
16382
16384
16382
16397
16374
16375
16372
16375
16376
16378
16377
16368
16375
16375
16379
16367
16375
16391
16375
10000
12
10000
2430237318
10000
16072
16067
16066
16080
16066
16061
16067
16082
16072
16071
16067
16074
16074
16065
16084
16064
16068
16063
16079
16075
16067
16065
16087
16077
16066
16078
16072
16071
16073
16068
16066
16076
16072
16083
16093
16084
16077
16091
16073
16088
16088
16062
16071
16073
16075
16069
16065
16073
16080
16067
16081
16054
16065
16054
16051
16076
16072
16093
16070
16060
10000
11
10000
2432691117
10000
16375
16368
16383
16362
16363
16384
16358
16353
16387
16366
16366
16396
16361
16355
16395
16352
16365
16401
16365
16356
16396
16367
16363
16385
16372
16359
16387
16351
16367
16384
16387
0
0
0
0
0
0
0
0
0
0
0
0
0
0
0
0
0
0
0
0
0
0
0
0
0
0
0
0
0
10000
12
10000
2433424121
10000
16051
16073
16074
16064
16059
16069
16071
16052
16063
16069
16062
16076
16071
16069
16071
16067
16062
16067
16059
16072
16073
16069
16085
16065
16079
16077
16080
16073
16081
16076
16059
16058
0
0
0
0
0
0
0
0
0
0
0
0
0
0
0
0
0
0
0
0
0
0
0
0
0
0
0
0
10000
11
10000
2435880966
10000
16371
16372
16371
16385
16394
16383
16386
16381
16366
16392
16394
16366
16401
16377
16374
16382
16379
16379
16379
16384
16371
16380
16384
16378
16389
16390
16368
16388
16369
16376
16363
0
0
0
0
0
0
0
0
0
0
0
0
0
0
0
0
0
0
0
0
0
0
0
0
0
0
0
0
0
10000
12
10000
2436614003
10000
16079
16068
16070
16078
16086
16068
16089
16086
16065
16078
16086
16064
16056
16055
16066
16057
16058
16062
16042
16068
16063
16062
16068
16056
16061
16075
16071
16067
16067
16072
16086
0
0
0
0
0
0
0
0
0
0
0
0
0
0
0
0
0
0
0
0
0
0
0
0
0
0
0
0
0
