10000
12
10000
4244861855
10000
20995
16581
11787
15472
15809
17086
16148
15811
16694
15765
18304
21300
13745
6459
9269
33090
16878
16824
16040
16221
16021
21822
15768
9521
15254
31299
28668
17495
16372
15779
15728
0
0
0
0
0
0
0
0
0
0
0
0
0
0
0
0
0
0
0
0
0
0
0
0
0
0
0
0
0
10000
11
10000
4247317248
10000
16388
16342
16338
16374
16327
16345
16347
16377
16361
16342
16382
16354
16384
16329
16375
16338
16371
16376
16350
16348
16336
16349
16342
16377
16345
16375
16378
16349
16361
16363
16350
0
0
0
0
0
0
0
0
0
0
0
0
0
0
0
0
0
0
0
0
0
0
0
0
0
0
0
0
0
10000
12
10000
4248050010
10000
18758
11632
11815
14317
23430
19490
17489
15859
16825
15619
30360
12453
7719
24502
14723
12643
17651
15911
15664
27716
16236
14104
16616
16971
25988
16412
15854
16231
15965
18981
17207
0
0
0
0
0
0
0
0
0
0
0
0
0
0
0
0
0
0
0
0
0
0
0
0
0
0
0
0
0
10000
11
10000
4250504431
10000
16363
16349
16356
16365
16346
16348
16364
16347
16361
16353
16343
16347
16369
16352
16357
16356
16361
16364
16359
16346
16347
16359
16364
16382
16329
16367
16356
16348
16358
16353
16341
0
0
0
0
0
0
0
0
0
0
0
0
0
0
0
0
0
0
0
0
0
0
0
0
0
0
0
0
0
10000
12
10000
4251239228
10000
20932
16103
16637
15690
16313
16488
16583
16522
16925
16527
16431
16448
16361
16673
16268
16347
16496
16696
16700
16558
16299
16603
16411
16560
16307
17131
16180
16351
16456
16313
16482
0
0
0
0
0
0
0
0
0
0
0
0
0
0
0
0
0
0
0
0
0
0
0
0
0
0
0
0
0
10000
11
10000
4253692644
10000
16362
16347
16351
16352
16354
16335
16383
16339
16347
16372
16356
16352
16358
16348
16349
16363
16360
16364
16348
16366
16358
16354
16368
16374
16337
16382
16374
16342
16364
16359
16336
0
0
0
0
0
0
0
0
0
0
0
0
0
0
0
0
0
0
0
0
0
0
0
0
0
0
0
0
0
10000
12
10000
4254426284
10000
16326
16707
16403
16550
16150
16386
15833
16629
16383
16473
16217
17771
19946
19983
13658
8068
23378
29336
17150
15732
16648
16005
16420
24763
20301
16481
9088
19786
30411
15349
17167
0
0
0
0
0
0
0
0
0
0
0
0
0
0
0
0
0
0
0
0
0
0
0
0
0
0
0
0
0
10000
11
10000
4256880935
10000
16367
16362
16365
16351
16346
16367
16348
16367
16363
16353
16367
16332
16374
16334
16340
16357
16359
16356
16357
16339
16371
16371
16349
16347
16375
16329
16339
16366
16356
16367
16366
0
0
0
0
0
0
0
0
0
0
0
0
0
0
0
0
0
0
0
0
0
0
0
0
0
0
0
0
0
10000
12
10000
4257613632
10000
15846
16032
23743
18660
9623
14655
35860
35698
21083
16469
16271
15688
30537
22980
17722
8458
15833
35910
16693
16371
16298
16490
19926
25409
19172
8882
11854
24575
17860
16099
15953
0
0
0
0
0
0
0
0
0
0
0
0
0
0
0
0
0
0
0
0
0
0
0
0
0
0
0
0
0
10000
11
10000
4261063431
10000
16358
16370
16356
16359
16341
16339
16371
16340
16341
16381
16347
16347
16355
16353
16382
16349
16364
16357
16353
16379
16376
16350
16370
16374
16342
16355
16363
16352
16365
16339
16368
16350
16337
16360
16347
16360
16355
16353
16353
16348
16346
0
0
0
0
0
0
0
0
0
0
0
0
0
0
0
0
0
0
0
10000
12
10000
11
10000
12
10000
11
10000
12
10000
11
10000
12
10000
11
10000
12
10000
11
10000
12
10000
11
10000
4281192502
10000
16361
16341
16349
16369
16368
16339
16373
16362
16354
16345
16371
16353
16367
16343
16344
16367
16360
16349
16345
16343
16369
16347
16356
16358
16345
16351
16356
16359
16367
16367
16341
16356
16351
16366
16361
16354
16360
16365
16368
16349
16345
0
0
0
0
0
0
0
0
0
0
0
0
0
0
0
0
0
0
0
10000
12
10000
4282910813
10000
39181
17073
16213
16278
17118
16527
36530
14656
11106
8318
14227
29236
18093
15692
15974
16648
16386
26695
19060
16327
11153
15702
35845
15469
16343
15946
16227
18289
28135
23154
7730
9044
16442
28008
22575
20387
16594
16652
15566
22895
18630
7241
11860
17736
16940
11181
19500
16122
16359
20778
0
0
0
0
0
0
0
0
0
0
10000
11
10000
4285364970
10000
16382
16317
16384
16375
16367
16344
16327
16391
16327
16335
16356
16343
16348
16353
16360
16370
16356
16370
16376
16341
16362
16348
16370
16353
16346
16354
16368
16377
16341
16386
16377
16360
16387
16427
16280
16413
16388
16308
16362
16357
0
0
0
0
0
0
0
0
0
0
0
0
0
0
0
0
0
0
0
0
10000
12
10000
4286098083
10000
20591
15046
9365
10675
30194
12224
18498
15800
16754
15762
42137
21742
10775
10956
13275
17047
24922
21089
17202
16252
16074
17719
32643
17858
7732
10513
30058
33989
19946
16262
15881
16184
0
0
0
0
0
0
0
0
0
0
0
0
0
0
0
0
0
0
0
0
0
0
0
0
0
0
0
0
10000
11
10000
4288552160
10000
16361
16365
16355
16337
16377
16334
16342
16373
16355
16357
16345
16360
16366
16344
16332
16331
16376
16335
16326
16403
16332
16317
16403
16321
16362
16350
16354
16367
16351
16367
16387
16343
0
0
0
0
0
0
0
0
0
0
0
0
0
0
0
0
0
0
0
0
0
0
0
0
0
0
0
0
10000
12
10000
4289284208
10000
24017
25352
16996
7758
10875
38099
18054
17035
16991
15943
16135
16693
26027
17320
7486
16079
39232
37754
16289
15908
15641
16720
37320
24888
9600
9939
14204
37253
20542
15769
16062
0
0
0
0
0
0
0
0
0
0
0
0
0
0
0
0
0
0
0
0
0
0
0
0
0
0
0
0
0
10000
11
10000
4291738543
10000
16334
16373
16338
16361
16349
16356
16366
16364
16339
16343
16362
16352
16365
16346
16330
16340
16368
16351
16337
16364
16357
16387
16379
16331
16367
16357
16345
16374
16363
16362
16349
0
0
0
0
0
0
0
0
0
0
0
0
0
0
0
0
0
0
0
0
0
0
0
0
0
0
0
0
0
10000
12
10000
4292473517
10000
16271
31897
24756
15534
9416
14183
22693
16596
15101
16579
16254
15815
18451
20106
15729
9030
10648
29870
18774
17476
14721
15155
16195
27432
23786
19715
10643
17862
24092
18975
16547
0
0
0
0
0
0
0
0
0
0
0
0
0
0
0
0
0
0
0
0
0
0
0
0
0
0
0
0
0
10000
12
10000
693505
10000
15856
15940
27149
23396
18097
10945
11381
21657
36049
16976
16618
15692
16327
35041
22318
10272
9311
12685
36570
14315
15451
15862
15953
16491
24684
15796
13048
6755
23823
28357
17723
0
0
0
0
0
0
0
0
0
0
0
0
0
0
0
0
0
0
0
0
0
0
0
0
0
0
0
0
0
10000
11
10000
3148569
10000
16356
16351
16376
16365
16344
16361
16366
16344
16376
16360
16356
16351
16335
16384
16338
16351
16359
16361
16363
16357
16351
16376
16355
16349
16342
16358
16378
16396
16310
16381
16379
0
0
0
0
0
0
0
0
0
0
0
0
0
0
0
0
0
0
0
0
0
0
0
0
0
0
0
0
0
10000
12
10000
3883182
10000
16132
16542
16010
23425
13433
13683
7763
21249
29956
17263
16526
16452
16510
15850
24031
15979
9612
13878
23086
32146
15571
16231
15679
16414
18054
34307
14169
9456
8871
38955
19569
0
0
0
0
0
0
0
0
0
0
0
0
0
0
0
0
0
0
0
0
0
0
0
0
0
0
0
0
0
10000
11
10000
6342316
10000
16368
16320
16381
16366
16348
16354
16344
16372
16336
16343
16352
16366
16390
16306
16394
16372
16355
16319
16329
16367
16337
16355
16364
16364
16346
16385
16342
16389
16319
16349
16355
0
0
0
0
0
0
0
0
0
0
0
0
0
0
0
0
0
0
0
0
0
0
0
0
0
0
0
0
0
10000
12
10000
7075067
10000
17318
16480
16249
19076
33591
20083
9275
11326
17186
7080
17322
17159
16667
17296
17823
27071
18665
13687
12071
20950
32570
15635
16865
15827
16521
16115
32718
21024
11147
7957
41400
0
0
0
0
0
0
0
0
0
0
0
0
0
0
0
0
0
0
0
0
0
0
0
0
0
0
0
0
0
10000
11
10000
9530488
10000
16364
16358
16382
16351
16358
16343
16367
16374
16355
16356
16358
16367
16356
16362
16342
16333
16369
16352
16352
16348
16371
16362
16347
16353
16361
16344
16370
16359
16378
16370
16359
0
0
0
0
0
0
0
0
0
0
0
0
0
0
0
0
0
0
0
0
0
0
0
0
0
0
0
0
0
10000
12
10000
10263751
10000
35415
15662
16355
16072
17228
36476
20413
9524
9066
15896
28081
18106
15565
16727
16044
15965
25367
15261
14338
7922
34119
36711
20796
15937
16666
16371
24247
23539
17044
7900
19670
0
0
0
0
0
0
0
0
0
0
0
0
0
0
0
0
0
0
0
0
0
0
0
0
0
0
0
0
0
10000
11
10000
12718990
10000
16332
16365
16340
16344
16366
16375
16348
16357
16366
16347
16349
16358
16356
16364
16368
16361
16365
16327
16335
16336
16353
16333
16377
16345
16349
16345
16368
16330
16381
16360
16351
0
0
0
0
0
0
0
0
0
0
0
0
0
0
0
0
0
0
0
0
0
0
0
0
0
0
0
0
0
10000
12
10000
13452628
10000
29593
13790
16850
15833
16140
16440
23345
21007
17166
8347
11297
18147
9254
16531
16775
16164
15938
16332
17514
16361
16751
15827
16482
15662
16703
16468
16280
16241
15911
16222
18006
0
0
0
0
0
0
0
0
0
0
0
0
0
0
0
0
0
0
0
0
0
0
0
0
0
0
0
0
0
10000
11
10000
15906129
10000
16394
16334
16382
16370
16373
16352
16338
16366
16344
16396
16318
16373
16370
16334
16369
16328
16363
16377
16372
16349
16350
16306
16419
16308
16325
16407
16342
16359
16352
16342
16372
0
0
0
0
0
0
0
0
0
0
0
0
0
0
0
0
0
0
0
0
0
0
0
0
0
0
0
0
0
10000
12
10000
16639598
10000
15490
14261
15824
28379
17464
16243
16614
18078
17648
17053
18452
16820
15360
22942
17608
17453
16943
16187
16956
16301
16755
16631
21131
23055
16884
10748
13367
15411
14091
19768
12375
0
0
0
0
0
0
0
0
0
0
0
0
0
0
0
0
0
0
0
0
0
0
0
0
0
0
0
0
0
10000
11
10000
19093272
10000
16364
16346
16368
16363
16336
16343
16352
16363
16350
16349
16379
16332
16339
16366
16327
16360
16352
16366
16354
16359
16353
16340
16379
16342
16356
16362
16344
16344
16348
16369
16351
0
0
0
0
0
0
0
0
0
0
0
0
0
0
0
0
0
0
0
0
0
0
0
0
0
0
0
0
0
10000
12
10000
19826821
10000
10926
16764
25892
18622
16410
16266
16266
19223
30636
14794
5777
11139
36967
18420
15099
16161
16562
16936
16104
20523
18738
10768
13105
20176
29654
15371
16557
16897
17926
26435
18027
0
0
0
0
0
0
0
0
0
0
0
0
0
0
0
0
0
0
0
0
0
0
0
0
0
0
0
0
0
10000
11
10000
23278792
10000
16302
16419
16302
16321
16378
16360
16376
16347
16363
16337
16363
16337
16346
16358
16363
16338
16363
16345
16348
16347
16350
16376
16351
16347
16352
16361
16359
16370
16326
16366
16369
16337
16346
16358
16354
16354
16353
16350
16368
16366
16355
0
0
0
0
0
0
0
0
0
0
0
0
0
0
0
0
0
0
0
10000
12
10000
24011326
10000
12757
12080
17118
26676
17726
16584
15622
16395
27976
20352
16995
9741
13096
21239
19838
16264
16579
15850
15648
16443
16507
18221
19009
20030
21126
15383
17053
17198
16828
15877
20416
17568
15944
16272
16939
15953
23649
20837
12615
9160
14973
0
0
0
0
0
0
0
0
0
0
0
0
0
0
0
0
0
0
0
10000
11
10000
26469319
10000
16357
16359
16350
16364
16354
16349
16352
16359
16355
16362
16349
16358
16367
16345
16352
16350
16355
16353
16345
16348
16366
16361
16355
16340
16378
16341
16377
16361
16349
16362
16347
0
0
0
0
0
0
0
0
0
0
0
0
0
0
0
0
0
0
0
0
0
0
0
0
0
0
0
0
0
10000
12
10000
27202630
10000
17430
17951
16709
16461
16411
17392
22130
15574
11399
13074
21808
32415
17606
16710
16335
16112
23836
23010
16046
7989
12017
16146
11023
16720
15972
16063
16271
17490
23275
12402
9092
0
0
0
0
0
0
0
0
0
0
0
0
0
0
0
0
0
0
0
0
0
0
0
0
0
0
0
0
0
10000
11
10000
29656763
10000
16373
16344
16350
16368
16350
16346
16360
16368
16361
16334
16369
16363
16357
16358
16371
16363
16322
16337
16367
16353
16361
16353
16354
16364
16345
16369
16349
16358
16351
16356
16378
0
0
0
0
0
0
0
0
0
0
0
0
0
0
0
0
0
0
0
0
0
0
0
0
0
0
0
0
0
10000
12
10000
30389104
10000
16726
8842
16772
16962
15925
16711
16243
35105
15074
12354
8432
20603
29877
17672
17124
16532
15913
20667
29418
18035
10015
11834
15589
35651
19921
15756
15787
16444
16914
24242
17666
0
0
0
0
0
0
0
0
0
0
0
0
0
0
0
0
0
0
0
0
0
0
0
0
0
0
0
0
0
10000
11
10000
32843350
10000
16343
16360
16350
16361
16358
16335
16378
16354
16363
16347
16359
16359
16345
16372
16348
16344
16350
16349
16359
16358
16355
16359
16373
16360
16351
16352
16351
16345
16363
16346
16353
0
0
0
0
0
0
0
0
0
0
0
0
0
0
0
0
0
0
0
0
0
0
0
0
0
0
0
0
0
10000
12
10000
33576585
10000
8761
10795
15670
14697
19067
16300
16119
16703
16304
34627
15162
10711
8375
16896
33403
14118
16789
15576
16030
17836
31812
19538
10124
8056
12701
36227
9891
16878
16300
16039
17655
0
0
0
0
0
0
0
0
0
0
0
0
0
0
0
0
0
0
0
0
0
0
0
0
0
0
0
0
0
10000
11
10000
36031614
10000
16369
16359
16358
16356
16357
16356
16364
16360
16359
16350
16349
16369
16351
16361
16357
16354
16350
16355
16368
16336
16346
16375
16347
16342
16333
16350
16341
16377
16342
16358
16356
0
0
0
0
0
0
0
0
0
0
0
0
0
0
0
0
0
0
0
0
0
0
0
0
0
0
0
0
0
10000
12
10000
36764745
10000
22328
20708
10702
12459
17360
23580
16570
16494
16207
16174
17766
27744
19876
10670
13102
23366
28385
13138
17299
16593
16312
17009
29708
21633
11525
7762
12386
32214
7732
17202
15897
0
0
0
0
0
0
0
0
0
0
0
0
0
0
0
0
0
0
0
0
0
0
0
0
0
0
0
0
0
10000
11
10000
40215112
10000
16355
16360
16375
16357
16388
16350
16362
16353
16342
16341
16353
16331
16368
16341
16360
16346
16361
16360
16349
16351
16348
16339
16367
16356
16362
16353
16340
16366
16351
16360
16355
16350
16362
16355
16376
16361
16366
16350
16365
16368
16343
0
0
0
0
0
0
0
0
0
0
0
0
0
0
0
0
0
0
0
10000
12
10000
40952606
10000
16213
17442
28504
16046
10698
7316
10815
30388
12918
16269
15882
16359
16686
29145
19188
15630
10036
15408
25736
16880
15185
16553
16140
16776
16004
17186
21643
15529
8664
16565
28165
20233
17865
15152
16382
19424
32805
23044
9506
13725
32600
0
0
0
0
0
0
0
0
0
0
0
0
0
0
0
0
0
0
0
10000
11
10000
43406310
10000
16359
16378
16320
16378
16370
16338
16372
16367
16349
16347
16349
16364
16358
16363
16347
16363
16348
16376
16351
16353
16348
16352
16356
16358
16367
16369
16341
16379
16359
16347
16353
0
0
0
0
0
0
0
0
0
0
0
0
0
0
0
0
0
0
0
0
0
0
0
0
0
0
0
0
0
10000
12
10000
44139348
10000
22552
17594
16306
15598
21908
19117
14914
8921
21212
30539
18781
15338
16463
16162
16269
29235
20753
18471
11504
19655
29699
16951
15847
16542
16281
25786
25002
12157
8736
12051
25115
0
0
0
0
0
0
0
0
0
0
0
0
0
0
0
0
0
0
0
0
0
0
0
0
0
0
0
0
0
10000
11
10000
46594633
10000
16352
16359
16350
16352
16360
16352
16360
16359
16363
16360
16366
16375
16357
16346
16340
16353
16353
16348
16364
16349
16354
16351
16354
16359
16345
16361
16372
16344
16347
16361
16364
0
0
0
0
0
0
0
0
0
0
0
0
0
0
0
0
0
0
0
0
0
0
0
0
0
0
0
0
0
10000
12
10000
47327595
10000
17072
17154
15434
16385
17080
28844
21957
11470
7420
13501
28498
15488
18493
16388
15968
16137
30767
20061
16714
10276
14251
21447
36501
16259
15934
16363
16076
16689
17627
16540
25047
0
0
0
0
0
0
0
0
0
0
0
0
0
0
0
0
0
0
0
0
0
0
0
0
0
0
0
0
0
10000
11
10000
49784068
10000
16360
16354
16363
16355
16365
16370
16349
16375
16358
16358
16355
16351
16330
16378
16371
16345
16369
16360
16349
16356
16367
16348
16357
16360
16345
16366
16364
16356
16350
16354
16338
0
0
0
0
0
0
0
0
0
0
0
0
0
0
0
0
0
0
0
0
0
0
0
0
0
0
0
0
0
10000
12
10000
50517959
10000
21596
16364
10701
21651
21811
16984
16512
16006
16755
16097
16755
29928
16871
10123
6753
21932
36503
15595
16195
16315
16227
20358
27732
19646
7773
11054
15122
36713
17706
16180
16144
0
0
0
0
0
0
0
0
0
0
0
0
0
0
0
0
0
0
0
0
0
0
0
0
0
0
0
0
0
10000
11
10000
52972452
10000
16368
16355
16341
16339
16361
16352
16367
16357
16339
16366
16341
16357
16348
16368
16338
16367
16337
16352
16365
16341
16360
16358
16362
16364
16352
16343
16356
16354
16352
16350
16359
0
0
0
0
0
0
0
0
0
0
0
0
0
0
0
0
0
0
0
0
0
0
0
0
0
0
0
0
0
10000
12
10000
53705067
10000
15052
19013
28150
20137
8159
10342
18102
21398
17549
15849
16523
16262
16101
17468
14614
12828
20120
16629
15721
17651
17135
17953
17097
16311
16508
16162
16307
16172
16600
15865
16175
0
0
0
0
0
0
0
0
0
0
0
0
0
0
0
0
0
0
0
0
0
0
0
0
0
0
0
0
0
10000
11
10000
56159721
10000
16365
16366
16355
16374
16346
16338
16369
16351
16359
16357
16348
16354
16368
16350
16362
16344
16363
16352
16364
16375
16351
16344
16376
16365
16350
16345
16374
16345
16371
16370
16358
0
0
0
0
0
0
0
0
0
0
0
0
0
0
0
0
0
0
0
0
0
0
0
0
0
0
0
0
0
