10000
12
10000
1746889113
10000
16056
16052
16043
16036
16040
16036
16059
16048
16033
16049
16048
16061
16058
16065
16069
16044
16069
16062
16054
16073
16073
16053
16063
16053
16062
16065
16048
16063
16066
16059
16045
16066
16063
16047
16076
16067
16053
16066
16052
16055
16054
16070
16064
16070
16062
16065
16053
16063
16049
16056
16075
16044
16051
16064
16065
16067
16085
16052
16059
16071
10000
11
10000
1749345807
10000
16359
16373
16380
16369
16406
16385
16356
16374
16371
16375
16362
16357
16395
16364
16357
16389
16360
16353
16381
16361
16361
16386
16354
16364
16381
16356
16368
16390
16357
16366
16379
16396
0
0
0
0
0
0
0
0
0
0
0
0
0
0
0
0
0
0
0
0
0
0
0
0
0
0
0
0
10000
12
10000
1750079605
10000
16071
16052
16067
16057
16047
16069
16060
16050
16068
16051
16059
16067
16064
16057
16077
16051
16068
16067
16068
16075
16049
16079
16083
16072
16075
16057
16059
16068
16067
16042
16079
0
0
0
0
0
0
0
0
0
0
0
0
0
0
0
0
0
0
0
0
0
0
0
0
0
0
0
0
0
10000
11
10000
1752533052
10000
16335
16399
16409
16339
16392
16407
16342
16394
16388
16381
16349
16349
16404
16353
16370
16354
16386
16383
16355
16382
16371
16363
16365
16421
16324
16405
16393
16370
16359
16337
16335
0
0
0
0
0
0
0
0
0
0
0
0
0
0
0
0
0
0
0
0
0
0
0
0
0
0
0
0
0
10000
12
10000
1754252421
10000
16074
16046
16042
16031
16097
16067
16045
16066
16055
16055
16079
16067
16060
16078
16100
16030
16085
16056
16052
16072
16050
16079
16064
16054
16059
16093
16067
16057
16075
16072
16074
16077
16066
16067
16080
16083
16085
16087
16077
16088
0
0
0
0
0
0
0
0
0
0
0
0
0
0
0
0
0
0
0
0
10000
11
10000
1758678127
10000
16398
16366
16374
16377
16356
16356
16384
16361
16352
16371
16372
16362
16391
16352
16354
16396
16340
16358
16398
16351
16366
16380
16383
16373
16375
16369
16362
16367
16388
16371
16373
16356
16344
16395
16350
16354
16375
16367
16369
16378
16368
16355
16408
16341
16353
16367
16385
16370
16384
16360
16370
16375
16383
16382
16338
16397
16392
16357
16396
16393
10000
12
10000
1760397479
10000
16087
16070
16078
16070
16066
16077
16074
16062
16095
16067
16071
16079
16065
16076
16087
16065
16065
16078
16067
16079
16050
16057
16075
16068
16062
16072
16039
16063
16067
16044
16067
16052
16047
16054
16057
16081
16064
16047
16056
16073
16040
16081
16075
16066
16048
16074
16040
16060
16067
16055
16034
16074
16059
16038
16045
16065
16055
16061
16050
16049
10000
11
10000
1764822979
10000
16346
16409
16394
16344
16393
16400
16357
16384
16386
16350
16391
16381
16357
16384
16394
16351
16392
16378
16356
16383
16381
16355
16391
16391
16364
16379
16372
16366
16368
16377
16347
16366
16372
16366
16364
16359
16366
16371
16366
16370
16356
16378
16367
16379
16379
16373
16365
16357
16366
16376
16359
16378
16383
16366
16376
16382
16359
16391
16386
16403
10000
12
10000
1766542173
10000
16052
16063
16063
16056
16063
16072
16055
16060
16064
16079
16074
16073
16059
16072
16082
16056
16084
16079
16066
16076
16072
16068
16083
16073
16060
16070
16065
16061
16081
16075
16077
16077
16078
16056
16065
16080
16084
16062
16073
16075
16060
16058
16058
16062
16068
16068
16065
16088
16033
16069
16073
16072
16067
16030
16118
16065
16071
16080
16067
16092
10000
11
10000
1770969556
10000
16350
16405
16406
16353
16370
16372
16384
16363
16373
16373
16391
16407
16314
16421
16387
16343
16385
16373
16358
16370
16389
16365
16376
16373
16403
16345
16353
16368
16385
16372
16362
16375
16375
16379
16363
16367
16372
16375
16363
16387
16360
16356
16370
16371
16364
16380
16358
16373
16424
16430
16307
16427
16413
16343
16406
16399
16353
16398
16381
16385
10000
12
10000
1772688787
10000
16043
16060
16079
16059
16065
16039
16057
16069
16055
16049
16060
16076
16035
16075
16066
16063
16066
16079
16062
16066
16056
16053
16078
16042
16054
16044
16067
16053
16056
16047
16076
16106
16071
16002
16068
16079
16073
16056
16058
16081
16059
16077
16048
16069
16074
16058
16038
16046
16089
16054
16054
16059
16061
16063
16058
16069
16058
16058
16063
16056
10000
11
10000
1777114967
10000
16360
16388
16381
16361
16387
16381
16358
16384
16381
16363
16385
16375
16362
16385
16390
16360
16378
16398
16357
16386
16376
16369
16358
16350
16376
16363
16359
16382
16364
16376
16378
16351
16369
16384
16361
16356
16380
16339
16355
16397
16360
16356
16381
16358
16355
16390
16344
16369
16382
16401
16353
16385
16375
16348
16380
16384
16360
16378
16378
16389
10000
12
10000
1778834382
10000
16063
16041
16054
16038
16055
16062
16049
16044
16067
16041
16050
16067
16037
16046
16057
16069
16051
16069
16045
16068
16044
16060
16064
16048
16068
16061
16067
16052
16066
16066
16049
16072
16069
16074
16048
16060
16054
16039
16053
16053
16045
16065
16045
16048
16074
16050
16073
16087
16055
16078
16091
16080
16063
16057
16059
16058
16047
16064
16057
16067
10000
11
10000
1783262125
10000
16356
16388
16382
16359
16377
16385
16365
16365
16363
16380
16367
16369
16384
16371
16363
16377
16370
16366
16379
16357
16366
16381
16358
16360
16377
16360
16365
16393
16362
16361
16390
16357
16354
16400
16348
16354
16388
16338
16398
16395
16341
16386
16394
16364
16380
16387
16358
16387
16383
16378
16359
16387
16383
16366
16364
16386
16365
16377
16383
16379
10000
12
10000
1784980545
10000
16058
16061
16055
16054
16068
16067
16054
16057
16068
16046
16068
16060
16050
16061
16045
16054
16067
16060
16048
16071
16057
16052
16064
16060
16058
16062
16065
16073
16081
16064
16068
16065
16073
16066
16068
16068
16065
16050
16065
16052
16054
16062
16064
16044
16081
16070
16057
16067
16061
16054
16058
16069
16046
16058
16063
16058
16062
16062
16056
16058
10000
11
10000
1789406368
10000
16368
16378
16375
16370
16361
16360
16375
16361
16348
16391
16360
16359
16393
16367
16357
16409
16355
16366
16379
16353
16359
16383
16361
16350
16406
16348
16346
16377
16369
16391
16399
16349
16394
16374
16349
16380
16387
16354
16387
16374
16360
16383
16390
16354
16384
16372
16361
16374
16382
16383
16367
16370
16367
16365
16372
16381
16375
16380
16362
16380
10000
12
10000
1791125884
10000
16057
16069
16076
16059
16055
16061
16068
16059
16056
16061
16078
16060
16086
16090
16066
16058
16068
16067
16056
16068
16068
16063
16076
16065
16063
16068
16057
16060
16055
16078
16059
16048
16052
16046
16065
16056
16030
16035
16050
16051
16046
16055
16040
16044
16056
16037
16063
16056
16046
16036
16040
16021
16038
16037
16045
16051
16047
16073
16048
16062
10000
11
10000
1797692785
10000
16344
16388
16394
16344
16389
16389
16353
16398
16392
16345
16400
16396
16364
16382
16385
16365
16389
16385
16353
16385
16374
16368
16371
16370
16375
16374
16364
16396
16364
16379
16379
16374
16373
16377
16358
16355
16389
16361
16353
16393
16365
16351
16394
16357
16351
16394
16351
16355
16392
16352
16347
16398
16363
16357
16392
16371
16357
16398
16392
16378
10000
12
10000
1798425695
10000
16051
16065
16060
16059
16070
16063
16062
16064
16063
16062
16055
16056
16043
16057
16057
16052
16063
16060
16066
16054
16066
16056
16064
16067
16067
16069
16079
16064
16063
16077
16068
16072
16068
16063
16084
16064
16082
16082
16067
16065
16075
16070
16062
16065
16063
16060
16059
16071
16062
16063
16083
16062
16060
16076
16075
16064
16074
16078
16083
16063
10000
11
10000
1800880183
10000
16351
16377
16379
16353
16391
16423
16340
16397
16393
16358
16380
16369
16387
16369
16376
16372
16362
16371
16404
16355
16356
16377
16368
16378
16388
16350
16400
16392
16347
16346
16370
0
0
0
0
0
0
0
0
0
0
0
0
0
0
0
0
0
0
0
0
0
0
0
0
0
0
0
0
0
10000
12
10000
1801613096
10000
16095
16058
16068
16058
16059
16079
16080
16058
16068
16057
16062
16067
16067
16050
16065
16059
16083
16074
16053
16079
16055
16073
16061
16062
16073
16065
16056
16075
16058
16051
16063
16055
0
0
0
0
0
0
0
0
0
0
0
0
0
0
0
0
0
0
0
0
0
0
0
0
0
0
0
0
10000
11
10000
1804067652
10000
16397
16351
16353
16402
16353
16353
16390
16350
16349
16405
16342
16354
16385
16360
16358
16392
16358
16398
16391
16345
16391
16384
16366
16376
16401
16357
16387
16388
16369
16378
16363
0
0
0
0
0
0
0
0
0
0
0
0
0
0
0
0
0
0
0
0
0
0
0
0
0
0
0
0
0
10000
12
10000
1804800535
10000
16044
16065
16056
16046
16068
16063
16054
16064
16074
16064
16070
16071
16064
16056
16066
16073
16063
16060
16074
16061
16069
16065
16063
16070
16070
16064
16068
16079
16064
16074
16060
0
0
0
0
0
0
0
0
0
0
0
0
0
0
0
0
0
0
0
0
0
0
0
0
0
0
0
0
0
10000
11
10000
1807255886
10000
16365
16368
16363
16375
16371
16392
16364
16392
16390
16361
16386
16384
16360
16390
16341
16350
16394
16343
16358
16393
16357
16340
16387
16356
16349
16393
16354
16346
16394
16401
16390
0
0
0
0
0
0
0
0
0
0
0
0
0
0
0
0
0
0
0
0
0
0
0
0
0
0
0
0
0
10000
12
10000
1807988775
10000
16065
16070
16057
16054
16049
16052
16042
16049
16065
16060
16068
16063
16052
16051
16055
16069
16049
16049
16047
16052
16072
16069
16050
16052
16074
16071
16048
16065
16070
16055
16056
0
0
0
0
0
0
0
0
0
0
0
0
0
0
0
0
0
0
0
0
0
0
0
0
0
0
0
0
0
10000
11
10000
1810443319
10000
16357
16397
16385
16356
16385
16391
16359
16392
16389
16366
16381
16394
16368
16381
16372
16357
16384
16373
16364
16382
16365
16360
16383
16369
16373
16356
16379
16385
16371
16366
16371
0
0
0
0
0
0
0
0
0
0
0
0
0
0
0
0
0
0
0
0
0
0
0
0
0
0
0
0
0
10000
12
10000
1811176180
10000
16070
16060
16067
16074
16053
16064
16061
16069
16061
16060
16076
16070
16060
16068
16068
16052
16072
16052
16066
16064
16056
16062
16075
16065
16052
16077
16064
16073
16067
16069
16064
0
0
0
0
0
0
0
0
0
0
0
0
0
0
0
0
0
0
0
0
0
0
0
0
0
0
0
0
0
10000
11
10000
1813633673
10000
16385
16365
16367
16391
16361
16364
16381
16367
16353
16388
16363
16405
16398
16351
16378
16399
16354
16395
16398
16344
16386
16390
16363
16401
16391
16352
16391
16379
16360
16363
16349
0
0
0
0
0
0
0
0
0
0
0
0
0
0
0
0
0
0
0
0
0
0
0
0
0
0
0
0
0
10000
12
10000
1814366594
10000
16083
16060
16074
16070
16081
16065
16073
16047
16078
16066
16071
16067
16063
16061
16057
16078
16081
16065
16057
16053
16069
16070
16069
16073
16055
16061
16075
16053
16058
16072
16076
0
0
0
0
0
0
0
0
0
0
0
0
0
0
0
0
0
0
0
0
0
0
0
0
0
0
0
0
0
10000
11
10000
1816819970
10000
16383
16357
16360
16379
16374
16371
16378
16356
16370
16376
16376
16371
16367
16383
16381
16359
16375
16367
16370
16378
16380
16359
16380
16388
16353
16384
16352
16349
16394
16388
16390
0
0
0
0
0
0
0
0
0
0
0
0
0
0
0
0
0
0
0
0
0
0
0
0
0
0
0
0
0
10000
12
10000
1817553890
10000
16078
16065
16076
16062
16072
16061
16064
16058
16064
16074
16074
16069
16054
16058
16068
16077
16065
16052
16061
16058
16074
16068
16064
16066
16067
16064
16065
16058
16066
16069
16072
0
0
0
0
0
0
0
0
0
0
0
0
0
0
0
0
0
0
0
0
0
0
0
0
0
0
0
0
0
10000
11
10000
1820007215
10000
16347
16397
16399
16340
16392
16410
16347
16395
16384
16373
16400
16407
16363
16396
16361
16353
16394
16369
16364
16386
16356
16370
16387
16367
16370
16389
16362
16369
16375
16386
16377
0
0
0
0
0
0
0
0
0
0
0
0
0
0
0
0
0
0
0
0
0
0
0
0
0
0
0
0
0
10000
12
10000
1820740139
10000
16063
16065
16061
16043
16025
16072
16086
16066
16069
16057
16080
16051
16062
16071
16073
16070
16071
16053
16077
16070
16062
16071
16066
16061
16060
16069
16064
16083
16058
16077
16065
0
0
0
0
0
0
0
0
0
0
0
0
0
0
0
0
0
0
0
0
0
0
0
0
0
0
0
0
0
10000
11
10000
1823194348
10000
16385
16367
16389
16359
16384
16376
16363
16376
16360
16368
16371
16393
16377
16378
16371
16398
16359
16399
16398
16355
16396
16394
16359
16398
16397
16353
16395
16376
16352
16347
16345
0
0
0
0
0
0
0
0
0
0
0
0
0
0
0
0
0
0
0
0
0
0
0
0
0
0
0
0
0
10000
12
10000
1823927212
10000
16074
16058
16063
16068
16057
16052
16052
16055
16064
16071
16053
16083
16053
16071
16058
16038
16065
16041
16062
16070
16032
16038
16068
16050
16064
16056
16049
16060
16063
16064
16052
0
0
0
0
0
0
0
0
0
0
0
0
0
0
0
0
0
0
0
0
0
0
0
0
0
0
0
0
0
10000
11
10000
1826381465
10000
16391
16352
16351
16384
16368
16368
16382
16364
16408
16386
16352
16392
16389
16349
16393
16376
16368
16373
16386
16371
16382
16387
16363
16371
16364
16377
16366
16358
16379
16379
16383
0
0
0
0
0
0
0
0
0
0
0
0
0
0
0
0
0
0
0
0
0
0
0
0
0
0
0
0
0
10000
12
10000
1827114287
10000
16072
16074
16051
16065
16066
16064
16070
16060
16065
16070
16065
16065
16053
16061
16059
16057
16072
16060
16045
16064
16064
16058
16054
16050
16057
16066
16047
16058
16065
16071
16056
0
0
0
0
0
0
0
0
0
0
0
0
0
0
0
0
0
0
0
0
0
0
0
0
0
0
0
0
0
10000
11
10000
1829569381
10000
16373
16364
16352
16360
16388
16360
16360
16393
16362
16372
16390
16356
16369
16385
16364
16360
16393
16357
16353
16385
16372
16353
16393
16366
16368
16392
16363
16366
16386
16382
16381
0
0
0
0
0
0
0
0
0
0
0
0
0
0
0
0
0
0
0
0
0
0
0
0
0
0
0
0
0
10000
12
10000
1830302219
10000
16079
16078
16064
16068
16062
16058
16054
16050
16067
16078
16066
16063
16065
16068
16072
16052
16051
16058
16061
16053
16056
16058
16054
16062
16061
16047
16050
16051
16058
16047
16030
0
0
0
0
0
0
0
0
0
0
0
0
0
0
0
0
0
0
0
0
0
0
0
0
0
0
0
0
0
10000
11
10000
1832756160
10000
16375
16372
16369
16377
16375
16367
16369
16382
16361
16368
16381
16369
16374
16383
16384
16366
16378
16373
16378
16375
16377
16373
16374
16394
16382
16358
16392
16379
16364
16363
16363
0
0
0
0
0
0
0
0
0
0
0
0
0
0
0
0
0
0
0
0
0
0
0
0
0
0
0
0
0
10000
12
10000
1833489929
10000
16023
16046
16068
16048
16064
16067
16057
16059
16067
16072
16053
16062
16057
16078
16071
16073
16071
16064
16072
16060
16072
16063
16076
16061
16063
16068
16075
16057
16068
16074
16059
0
0
0
0
0
0
0
0
0
0
0
0
0
0
0
0
0
0
0
0
0
0
0
0
0
0
0
0
0
10000
11
10000
1835945101
10000
16385
16359
16389
16395
16356
16396
16397
16353
16377
16387
16357
16390
16388
16353
16399
16394
16361
16397
16377
16360
16383
16383
16361
16381
16382
16374
16385
16383
16364
16374
16377
0
0
0
0
0
0
0
0
0
0
0
0
0
0
0
0
0
0
0
0
0
0
0
0
0
0
0
0
0
10000
12
10000
1836678923
10000
16071
16060
16070
16064
16063
16062
16062
16064
16066
16063
16064
16074
16056
16066
16079
16085
16070
16081
16072
16068
16060
16069
16075
16068
16062
16069
16061
16065
16074
16056
16070
0
0
0
0
0
0
0
0
0
0
0
0
0
0
0
0
0
0
0
0
0
0
0
0
0
0
0
0
0
10000
11
10000
1839132014
10000
16380
16376
16387
16371
16377
16380
16358
16381
16363
16363
16381
16375
16376
16394
16357
16365
16390
16360
16367
16368
16369
16366
16384
16366
16371
16379
16366
16362
16388
16380
16377
0
0
0
0
0
0
0
0
0
0
0
0
0
0
0
0
0
0
0
0
0
0
0
0
0
0
0
0
0
10000
12
10000
1839864851
10000
16077
16076
16070
16084
16073
16060
16079
16065
16062
16060
16062
16063
16065
16077
16051
16069
16055
16063
16071
16066
16070
16070
16058
16059
16067
16058
16055
16063
16079
16058
16061
0
0
0
0
0
0
0
0
0
0
0
0
0
0
0
0
0
0
0
0
0
0
0
0
0
0
0
0
0
10000
11
10000
1842319898
10000
16364
16386
16382
16374
16387
16364
16359
16388
16358
16380
16392
16374
16368
16377
16364
16357
16380
16377
16382
16372
16379
16384
16372
16365
16383
16356
16390
16390
16373
16366
16369
0
0
0
0
0
0
0
0
0
0
0
0
0
0
0
0
0
0
0
0
0
0
0
0
0
0
0
0
0
10000
12
10000
1843052704
10000
16076
16084
16075
16075
16067
16070
16075
16072
16073
16066
16088
16070
16077
16061
16083
16063
16062
16076
16060
16070
16058
16084
16071
16081
16066
16079
16070
16064
16085
16071
16078
0
0
0
0
0
0
0
0
0
0
0
0
0
0
0
0
0
0
0
0
0
0
0
0
0
0
0
0
0
10000
11
10000
1845507890
10000
16378
16368
16368
16383
16366
16377
16388
16373
16391
16387
16360
16390
16386
16376
16392
16390
16359
16397
16390
16356
16379
16376
16372
16378
16397
16361
16377
16366
16366
16368
16372
0
0
0
0
0
0
0
0
0
0
0
0
0
0
0
0
0
0
0
0
0
0
0
0
0
0
0
0
0
10000
12
10000
1846240745
10000
16072
16078
16084
16069
16077
16069
16075
16072
16078
16074
16079
16070
16083
16076
16080
16076
16067
16076
16071
16074
16073
16069
16067
16060
16040
16069
16049
16067
16057
16085
16047
0
0
0
0
0
0
0
0
0
0
0
0
0
0
0
0
0
0
0
0
0
0
0
0
0
0
0
0
0
10000
11
10000
1848693938
10000
16390
16370
16375
16382
16378
16385
16365
16380
16361
16374
16376
16383
16364
16386
16360
16384
16380
16367
16371
16383
16366
16357
16374
16370
16366
16392
16365
16371
16377
16383
16362
0
0
0
0
0
0
0
0
0
0
0
0
0
0
0
0
0
0
0
0
0
0
0
0
0
0
0
0
0
10000
12
10000
1849427780
10000
16055
16061
16062
16055
16048
16058
16071
16051
16067
16065
16057
16072
16076
16050
16082
16066
16066
16069
16073
16060
16073
16075
16070
16055
16080
16075
16063
16081
16077
16062
16070
0
0
0
0
0
0
0
0
0
0
0
0
0
0
0
0
0
0
0
0
0
0
0
0
0
0
0
0
0
