10000
11
10000
1132467622
10000
16376
16385
16350
16381
16374
16356
16368
16370
16349
16369
16374
16351
16372
16371
16348
16367
16367
16350
16373
16370
16365
16366
16362
16358
16362
16353
16363
16359
16361
16363
16374
0
0
0
0
0
0
0
0
0
0
0
0
0
0
0
0
0
0
0
0
0
0
0
0
0
0
0
0
0
10000
12
10000
1134196374
10000
16048
16056
16052
16041
16052
16055
16058
16043
16060
16060
16050
16049
16046
16045
16063
16042
16042
16059
16044
16047
16070
16036
16047
16071
16049
16068
16076
16056
16070
16053
16058
16066
16051
16062
16033
16049
16056
16050
16063
16069
16068
0
0
0
0
0
0
0
0
0
0
0
0
0
0
0
0
0
0
0
10000
11
10000
1138622133
10000
16362
16365
16361
16355
16372
16368
16354
16359
16376
16364
16366
16358
16357
16357
16377
16354
16361
16357
16355
16353
16380
16358
16349
16381
16356
16353
16375
16355
16368
16367
16364
16341
16383
16348
16339
16373
16354
16340
16372
16354
16352
16368
16352
16357
16374
16361
16353
16370
16376
16367
10000
12
10000
1139355371
10000
16059
16094
16073
16063
16069
16065
16051
16068
16074
16043
16063
16040
16068
16045
16046
16031
16058
16053
16069
16063
16052
16064
16064
16073
16063
16061
16071
16094
16068
16071
16074
16050
16055
16043
16033
16066
16040
16036
16044
16042
16045
16058
16032
16064
16052
16035
16041
16059
16031
16038
0
0
0
0
0
0
0
0
0
0
10000
11
10000
1141810063
10000
16362
16362
16354
16379
16364
16361
16376
16368
16355
16379
16369
16338
16363
16376
16350
16374
16371
16366
16371
16369
16350
16373
16361
16365
16361
16357
16367
16368
16364
16358
16367
16374
0
0
0
0
0
0
0
0
0
0
0
0
0
0
0
0
0
0
0
0
0
0
0
0
0
0
0
0
10000
12
10000
1142543351
10000
16050
16052
16055
16048
16052
16076
16068
16066
16055
16051
16042
16063
16036
16051
16063
16039
16070
16059
16044
16039
16059
16047
16056
16037
16037
16062
16039
16037
16069
16037
16051
16044
0
0
0
0
0
0
0
0
0
0
0
0
0
0
0
0
0
0
0
0
0
0
0
0
0
0
0
0
10000
11
10000
1144998191
10000
16358
16357
16364
16373
16356
16355
16359
16370
16366
16358
16360
16358
16359
16361
16356
16367
16368
16373
16352
16353
16368
16367
16375
16358
16368
16385
16348
16379
16380
16349
16346
0
0
0
0
0
0
0
0
0
0
0
0
0
0
0
0
0
0
0
0
0
0
0
0
0
0
0
0
0
10000
12
10000
1145731527
10000
16036
16055
16040
16050
16066
16070
16028
16062
16050
16047
16062
16037
16055
16054
16032
16056
16059
16043
16055
16065
16044
16065
16064
16063
16061
16054
16053
16064
16066
16067
16073
0
0
0
0
0
0
0
0
0
0
0
0
0
0
0
0
0
0
0
0
0
0
0
0
0
0
0
0
0
10000
11
10000
1148185320
10000
16372
16370
16345
16369
16373
16343
16379
16390
16342
16366
16361
16347
16366
16385
16346
16391
16375
16348
16371
16374
16343
16368
16358
16360
16365
16362
16361
16368
16366
16365
16360
0
0
0
0
0
0
0
0
0
0
0
0
0
0
0
0
0
0
0
0
0
0
0
0
0
0
0
0
0
10000
12
10000
1148919633
10000
16083
16068
16073
16060
16069
16072
16070
16087
16069
16054
16070
16090
16062
16073
16040
16053
16058
16047
16049
16061
16047
16065
16050
16058
16058
16064
16058
16059
16040
16048
16064
0
0
0
0
0
0
0
0
0
0
0
0
0
0
0
0
0
0
0
0
0
0
0
0
0
0
0
0
0
10000
11
10000
1151374533
10000
16350
16361
16353
16361
16373
16368
16353
16362
16373
16351
16360
16370
16353
16353
16371
16353
16352
16366
16341
16341
16380
16344
16351
16366
16355
16349
16375
16350
16340
16375
16366
0
0
0
0
0
0
0
0
0
0
0
0
0
0
0
0
0
0
0
0
0
0
0
0
0
0
0
0
0
10000
12
10000
1152107847
10000
16052
16039
16059
16036
16058
16057
16039
16045
16065
16042
16055
16062
16051
16057
16082
16054
16062
16079
16055
16044
16061
16045
16057
16057
16055
16053
16066
16057
16043
16056
16049
0
0
0
0
0
0
0
0
0
0
0
0
0
0
0
0
0
0
0
0
0
0
0
0
0
0
0
0
0
10000
11
10000
1154565568
10000
16357
16358
16381
16357
16355
16370
16356
16357
16375
16336
16362
16365
16352
16360
16357
16372
16353
16364
16359
16361
16359
16372
16379
16348
16373
16368
16353
16368
16353
16354
16353
0
0
0
0
0
0
0
0
0
0
0
0
0
0
0
0
0
0
0
0
0
0
0
0
0
0
0
0
0
10000
12
10000
1155299960
10000
16070
16058
16058
16081
16070
16047
16070
16041
16055
16076
16051
16067
16065
16044
16057
16060
16054
16068
16050
16049
16051
16066
16077
16075
16039
16046
16054
16069
16076
16059
16066
0
0
0
0
0
0
0
0
0
0
0
0
0
0
0
0
0
0
0
0
0
0
0
0
0
0
0
0
0
10000
11
10000
1157756702
10000
16363
16377
16351
16374
16370
16343
16383
16378
16346
16380
16384
16353
16368
16386
16348
16376
16387
16336
16375
16380
16343
16386
16378
16358
16376
16373
16353
16368
16376
16355
16350
0
0
0
0
0
0
0
0
0
0
0
0
0
0
0
0
0
0
0
0
0
0
0
0
0
0
0
0
0
10000
12
10000
1158488989
10000
16060
16056
16047
16064
16060
16062
16061
16048
16046
16061
16046
16049
16057
16060
16054
16053
16054
16041
16058
16052
16058
16064
16059
16072
16074
16064
16075
16070
16069
16067
16080
0
0
0
0
0
0
0
0
0
0
0
0
0
0
0
0
0
0
0
0
0
0
0
0
0
0
0
0
0
10000
11
10000
1161929842
10000
16364
16372
16361
16361
16373
16367
16363
16361
16358
16358
16348
16369
16355
16355
16367
16343
16349
16371
16357
16346
16391
16348
16355
16366
16349
16346
16387
16340
16343
16374
16347
16345
16381
16349
16349
16374
16341
16359
16379
16345
16355
0
0
0
0
0
0
0
0
0
0
0
0
0
0
0
0
0
0
0
10000
12
10000
1162662108
10000
16054
16077
16076
16062
16060
16076
16067
16072
16046
16056
16079
16054
16058
16051
16051
16051
16063
16079
16058
16062
16062
16067
16057
16057
16068
16056
16063
16064
16050
16070
16059
16063
16074
16081
16060
16073
16069
16053
16074
16060
16047
0
0
0
0
0
0
0
0
0
0
0
0
0
0
0
0
0
0
0
10000
11
10000
1165118459
10000
16377
16375
16347
16389
16369
16362
16353
16371
16365
16364
16362
16369
16373
16367
16355
16372
16361
16348
16368
16358
16361
16357
16361
16369
16350
16356
16372
16345
16360
16378
16378
0
0
0
0
0
0
0
0
0
0
0
0
0
0
0
0
0
0
0
0
0
0
0
0
0
0
0
0
0
10000
12
10000
1165851698
10000
16075
16086
16066
16065
16075
16058
16067
16054
16057
16070
16064
16078
16064
16051
16073
16061
16069
16069
16055
16071
16065
16054
16053
16045
16047
16054
16052
16063
16079
16091
16073
0
0
0
0
0
0
0
0
0
0
0
0
0
0
0
0
0
0
0
0
0
0
0
0
0
0
0
0
0
10000
11
10000
1168307107
10000
16343
16370
16366
16349
16342
16379
16342
16332
16380
16345
16337
16387
16343
16339
16374
16343
16347
16372
16344
16359
16379
16351
16362
16378
16361
16339
16364
16362
16362
16367
16364
0
0
0
0
0
0
0
0
0
0
0
0
0
0
0
0
0
0
0
0
0
0
0
0
0
0
0
0
0
10000
12
10000
1170026632
10000
16078
16087
16077
16068
16083
16067
16067
16067
16074
16065
16066
16062
16068
16054
16068
16068
16065
16060
16047
16036
16068
16044
16036
16046
16048
16037
16061
16038
16065
16062
16053
16056
16070
16059
16050
16064
16062
16056
16080
16064
0
0
0
0
0
0
0
0
0
0
0
0
0
0
0
0
0
0
0
0
10000
11
10000
1174454781
10000
16362
16356
16367
16342
16355
16368
16357
16366
16357
16363
16372
16346
16368
16360
16351
16380
16365
16350
16380
16376
16352
16369
16381
16353
16376
16376
16346
16384
16380
16338
16385
16390
16345
16375
16378
16351
16367
16379
16357
16375
16376
16342
16376
16379
16343
16379
16379
16342
16364
16371
16358
16366
16374
16342
16372
16371
16363
16356
16360
16366
10000
12
10000
1176172616
10000
16063
16052
16050
16056
16061
16051
16061
16055
16066
16062
16053
16060
16062
16059
16067
16075
16047
16078
16075
16060
16059
16080
16049
16046
16069
16066
16065
16079
16080
16069
16084
16070
16069
16089
16058
16064
16070
16076
16051
16065
16073
16053
16062
16071
16048
16062
16071
16046
16063
16062
16058
16048
16072
16065
16068
16078
16066
16068
16074
16078
10000
11
10000
1180597961
10000
16366
16366
16375
16378
16364
16364
16373
16342
16377
16391
16346
16380
16353
16348
16378
16383
16343
16380
16380
16341
16369
16387
16350
16387
16356
16358
16386
16373
16350
16368
16362
16359
16383
16371
16352
16388
16389
16357
16375
16383
16346
16373
16370
16331
16380
16363
16365
16363
16369
16358
16336
16396
16329
16359
16329
16334
16359
16380
16341
16331
10000
12
10000
1182315755
10000
16050
16071
16059
16063
16066
16063
16045
16048
16037
16060
16035
16056
16050
16043
16066
16059
16015
16046
16058
16038
16054
16052
16048
16052
16049
16049
16056
16048
16038
16043
16057
16052
16081
16056
16051
16044
16061
16036
15983
16107
16025
16032
16077
16097
16080
16068
16021
16039
16068
16000
16089
16076
16008
16073
16037
16080
16080
16061
16013
16059
10000
11
10000
1186741073
10000
16298
16462
16254
16327
16371
16347
16473
16294
16405
16392
16334
16382
16367
16435
16314
16366
16328
16401
16400
16311
16422
16370
16342
16415
16427
16348
16332
16451
16462
16238
16428
16407
16340
16366
16361
16351
16363
16416
16357
16382
16385
16345
16416
16364
16354
16369
16351
16357
16380
16373
16374
16370
16353
16377
16350
16384
16397
16334
16373
16372
10000
12
10000
1188459813
10000
16018
16151
16132
15964
16050
16117
16105
16128
16156
16022
16137
16000
16157
16014
16131
16034
16070
16086
16079
16063
16038
16101
16047
16063
16047
16046
16061
16042
16075
16047
16038
16061
16039
16071
16058
16056
16049
16056
16051
16059
16070
16063
16077
16064
16049
16064
16059
16041
16073
16063
16037
16054
16061
16053
16043
16051
16025
16061
16049
16048
10000
11
10000
1192885045
10000
16357
16342
16382
16336
16356
16376
16349
16348
16383
16347
16349
16375
16357
16350
16393
16345
16323
16387
16324
16345
16386
16335
16335
16382
16335
16325
16404
16359
16333
16367
16331
16356
16395
16347
16367
16360
16378
16384
16343
16390
16378
16332
16397
16394
16340
16395
16391
16324
16385
16381
16379
16360
16351
16386
16351
16391
16390
16345
16369
16363
10000
12
10000
1194603813
10000
16027
16062
16065
16076
16081
16066
16058
16058
16068
16060
16026
16093
16078
16040
16066
16059
16050
16054
16026
16038
16073
16042
16058
16043
16068
16037
16070
16033
16057
16041
16045
16057
16071
16060
16055
16081
16049
16054
16049
16066
16040
16061
16078
16075
16046
16061
16040
16043
16069
16048
16048
16059
16051
16053
16083
16079
16062
16076
16063
16090
10000
11
10000
1199031061
10000
16343
16345
16369
16346
16334
16368
16348
16348
16391
16348
16354
16373
16360
16363
16376
16352
16352
16366
16358
16353
16364
16364
16347
16360
16381
16377
16353
16379
16370
16357
16369
16366
16357
16373
16362
16358
16369
16376
16367
16375
16393
16345
16376
16381
16351
16386
16360
16346
16380
16377
16377
16353
16386
16376
16343
16373
16391
16354
16386
16374
10000
12
10000
1200749891
10000
16088
16073
16083
16066
16070
16061
16066
16052
16058
16056
16057
16062
16050
16065
16072
16051
16065
16073
16061
16063
16083
16077
16071
16073
16070
16064
16067
16055
16066
16066
16060
16055
16054
16073
16068
16057
16056
16056
16059
16073
16068
16068
16069
16058
16083
16066
16058
16063
16064
16062
16058
16066
16073
16054
16054
16056
16059
16067
16067
16053
10000
11
10000
1205177019
10000
16348
16338
16376
16355
16350
16367
16353
16364
16368
16356
16352
16367
16356
16356
16381
16362
16356
16365
16371
16368
16345
16374
16380
16345
16367
16380
16349
16385
16382
16338
16386
16369
16348
16389
16381
16346
16379
16383
16348
16381
16371
16337
16389
16383
16345
16379
16383
16350
16380
16375
16379
16343
16372
16381
16346
16381
16341
16358
16368
16355
10000
12
10000
1206895870
10000
16060
16063
16057
16057
16051
16060
16064
16064
16061
16057
16060
16072
16073
16062
16079
16052
16072
16074
16065
16075
16075
16073
16091
16072
16070
16070
16079
16070
16071
16073
16071
16103
16066
16076
16072
16073
16072
16086
16063
16081
16078
16083
16079
16073
16070
16082
16050
16078
16068
16066
16073
16043
16052
16051
16065
16054
16053
16058
16061
16059
10000
11
10000
1214456208
10000
16345
16384
16382
16339
16377
16367
16335
16385
16389
16348
16376
16396
16350
16371
16396
16341
16376
16365
16356
16372
16369
16356
16367
16369
16358
16368
16368
16360
16357
16362
16372
16350
16352
16373
16350
16349
16372
16350
16355
16390
16357
16366
16367
16359
16350
16381
16343
16340
16388
16343
16352
16373
16352
16351
16385
16338
16343
16384
16346
16362
10000
12
10000
1216175009
10000
16039
16047
16049
16042
16053
16060
16054
16052
16049
16059
16055
16051
16072
16073
16064
16071
16090
16076
16092
16088
16085
16077
16078
16087
16087
16068
16065
16079
16071
16053
16074
16068
16061
16068
16074
16060
16064
16061
16048
16049
16063
16061
16064
16065
16055
16061
16076
16062
16049
16060
16051
16048
16063
16054
16055
16055
16052
16064
16068
16062
10000
11
10000
1220600301
10000
16347
16381
16349
16349
16370
16348
16354
16365
16358
16345
16365
16353
16353
16380
16357
16360
16365
16353
16364
16360
16362
16359
16349
16372
16346
16355
16385
16344
16352
16371
16347
16338
16378
16337
16351
16374
16349
16335
16380
16345
16361
16377
16352
16350
16392
16346
16352
16375
16350
16345
16381
16351
16342
16384
16337
16360
16367
16342
16358
16336
10000
12
10000
1222319383
10000
16074
16058
16064
16059
16063
16055
16039
16045
16042
16050
16040
16038
16043
16038
16041
16053
16046
16052
16045
16056
16043
16036
16032
16056
16044
16018
16037
16043
16038
16046
16051
16040
16040
16035
16051
16046
16050
16032
16035
16039
16047
16031
16049
16057
16032
16040
16052
16041
16037
16034
16030
16048
16022
16053
16049
16053
16058
16052
16056
16036
10000
11
10000
1226744931
10000
16388
16371
16356
16370
16372
16362
16366
16373
16369
16366
16360
16362
16365
16360
16358
16358
16341
16379
16343
16356
16376
16353
16373
16368
16356
16350
16372
16353
16349
16378
16344
16344
16380
16348
16334
16370
16338
16364
16374
16349
16355
16376
16342
16345
16379
16346
16347
16385
16346
16353
16366
16347
16362
16392
16350
16333
16378
16332
16336
16360
10000
12
10000
1228463900
10000
16058
16046
16043
16067
16059
16061
16038
16047
16067
16053
16043
16048
16068
16049
16052
16064
16068
16060
16061
16057
16041
16047
16052
16073
16050
16052
16066
16056
16049
16065
16046
16060
16050
16042
16049
16037
16059
16033
16048
16056
16045
16055
16049
16072
16049
16071
16065
16057
16065
16063
16053
16057
16069
16055
16059
16062
16067
16060
16060
16056
10000
11
10000
1232890040
10000
16380
16376
16363
16363
16362
16371
16347
16353
16374
16355
16359
16368
16352
16349
16380
16356
16365
16376
16350
16352
16373
16358
16347
16379
16344
16358
16368
16347
16337
16387
16347
16356
16369
16358
16361
16352
16365
16367
16369
16356
16350
16380
16354
16358
16354
16366
16358
16361
16364
16375
16353
16363
16356
16369
16365
16375
16361
16368
16380
16375
10000
12
10000
1234610557
10000
16054
16065
16066
16059
16072
16067
16051
16061
16056
16043
16061
16072
16057
16049
16042
16049
16062
16043
16052
16052
16056
16044
16066
16057
16046
16054
16054
16046
16052
16060
16039
16051
16061
16047
16045
16056
16059
16052
16059
16056
16051
16046
16057
16055
16055
16055
16062
16046
16059
16048
16059
16060
16056
16049
16060
16050
16060
16055
16064
16058
10000
11
10000
1237065830
10000
16355
16353
16370
16353
16354
16388
16352
16345
16373
16362
16361
16368
16338
16352
16382
16348
16348
16380
16354
16339
16377
16353
16362
16370
16355
16355
16377
16340
16352
16360
16354
16351
16373
16355
16355
16377
16360
16357
16374
16350
16363
0
0
0
0
0
0
0
0
0
0
0
0
0
0
0
0
0
0
0
10000
11
10000
1240253342
10000
16359
16371
16362
16361
16365
16376
16349
16349
16371
16365
16363
16369
16357
16355
16370
16364
16366
16377
16361
16349
16372
16353
16355
16370
16357
16368
16379
16355
16347
16387
16381
0
0
0
0
0
0
0
0
0
0
0
0
0
0
0
0
0
0
0
0
0
0
0
0
0
0
0
0
0
10000
12
10000
1240986477
10000
16035
16067
16056
16047
16054
16056
16048
16069
16057
16064
16069
16057
16050
16051
16057
16061
16064
16056
16064
16050
16073
16068
16054
16054
16070
16058
16067
16069
16068
16063
16066
0
0
0
0
0
0
0
0
0
0
0
0
0
0
0
0
0
0
0
0
0
0
0
0
0
0
0
0
0
10000
11
10000
1243442641
10000
16353
16352
16365
16355
16360
16385
16348
16362
16360
16349
16360
16377
16353
16351
16383
16366
16378
16367
16376
16378
16349
16378
16369
16362
16364
16380
16353
16361
16379
16371
16361
0
0
0
0
0
0
0
0
0
0
0
0
0
0
0
0
0
0
0
0
0
0
0
0
0
0
0
0
0
10000
12
10000
1244175197
10000
16062
16059
16072
16052
16082
16073
16072
16064
16086
16068
16074
16067
16091
16070
16071
16082
16082
16070
16082
16068
16058
16074
16075
16058
16071
16068
16069
16073
16064
16051
16053
0
0
0
0
0
0
0
0
0
0
0
0
0
0
0
0
0
0
0
0
0
0
0
0
0
0
0
0
0
10000
11
10000
1246631403
10000
16364
16361
16357
16373
16362
16354
16370
16367
16355
16368
16365
16361
16366
16373
16347
16388
16379
16339
16375
16369
16352
16390
16373
16349
16365
16386
16347
16368
16366
16359
16373
0
0
0
0
0
0
0
0
0
0
0
0
0
0
0
0
0
0
0
0
0
0
0
0
0
0
0
0
0
10000
12
10000
1247364884
10000
16068
16055
16053
16056
16060
16062
16081
16060
16054
16058
16061
16057
16062
16057
16056
16053
16061
16058
16056
16066
16070
16061
16083
16064
16076
16087
16063
16059
16057
16071
16059
0
0
0
0
0
0
0
0
0
0
0
0
0
0
0
0
0
0
0
0
0
0
0
0
0
0
0
0
0
10000
11
10000
1249820034
10000
16359
16364
16363
16354
16357
16362
16353
16363
16362
16368
16377
16366
16375
16380
16367
16368
16358
16376
16352
16361
16355
16358
16359
16368
16376
16358
16375
16375
16361
16376
16375
0
0
0
0
0
0
0
0
0
0
0
0
0
0
0
0
0
0
0
10000
12
10000
1250553563
10000
16061
16068
16066
16052
16063
16053
16059
16064
16073
16066
16056
16066
16063
16061
16070
16058
16064
16070
16070
16070
16078
16071
16075
16077
16061
16058
16078
16066
16069
16069
16072
0
0
0
0
0
0
0
0
0
0
0
0
0
0
0
0
0
0
0
0
0
0
0
0
0
0
0
0
0
10000
11
10000
1253008968
10000
16361
16352
16374
16363
16363
16376
16358
16364
16358
16361
16342
16385
16334
16346
16377
16356
16358
16374
16349
16360
16375
16362
16365
16360
16375
16376
16362
16369
16361
16360
16366
0
0
0
0
0
0
0
0
0
0
0
0
0
0
0
0
0
0
0
0
0
0
0
0
0
0
0
0
0
10000
12
10000
1253742483
10000
16044
16067
16054
16068
16068
16062
16065
16066
16073
16073
16064
16063
16089
16065
16080
16075
16077
16067
16074
16066
16067
16083
16065
16082
16075
16071
16078
16078
16076
16066
16069
0
0
0
0
0
0
0
0
0
0
0
0
0
0
0
0
0
0
0
0
0
0
0
0
0
0
0
0
0
