10000
11
10000
2564547464
10000
16367
16378
16366
16373
16383
16359
16369
16395
16364
16370
16379
16370
16369
16402
16363
16367
16386
16365
16352
16399
16355
16358
16401
16361
16358
16383
16367
16373
16385
16395
16350
0
0
0
0
0
0
0
0
0
0
0
0
0
0
0
0
0
0
0
0
0
0
0
0
0
0
0
0
0
10000
12
10000
2565280784
10000
16070
16085
16086
16070
16073
16082
16078
16085
16086
16084
16064
16082
16069
16068
16075
16066
16069
16070
16055
16069
16067
16068
16080
16072
16069
16079
16071
16075
16082
16086
16079
0
0
0
0
0
0
0
0
0
0
0
0
0
0
0
0
0
0
0
0
0
0
0
0
0
0
0
0
0
10000
11
10000
2567736199
10000
16355
16390
16361
16354
16390
16363
16360
16391
16362
16360
16400
16366
16368
16383
16378
16369
16385
16373
16375
16394
16378
16382
16381
16385
16390
16369
16383
16385
16366
16367
16388
0
0
0
0
0
0
0
0
0
0
0
0
0
0
0
0
0
0
0
0
0
0
0
0
0
0
0
0
0
10000
12
10000
2568472366
10000
16081
16083
16067
16089
16078
16078
16093
16063
16081
16089
16079
16076
16074
16067
16082
16078
16085
16075
16085
16063
16088
16081
16071
16074
16065
16076
16061
16067
16076
16082
16079
0
0
0
0
0
0
0
0
0
0
0
0
0
0
0
0
0
0
0
0
0
0
0
0
0
0
0
0
0
10000
11
10000
2570927940
10000
16391
16364
16398
16396
16366
16393
16397
16356
16396
16388
16357
16409
16395
16362
16398
16402
16356
16404
16399
16351
16393
16397
16365
16391
16393
16376
16401
16388
16376
16363
16398
0
0
0
0
0
0
0
0
0
0
0
0
0
0
0
0
0
0
0
0
0
0
0
0
0
0
0
0
0
10000
12
10000
2571660399
10000
16079
16073
16071
16078
16077
16076
16080
16074
16076
16068
16068
16077
16088
16076
16074
16073
16073
16067
16081
16076
16065
16079
16066
16076
16063
16080
16075
16092
16081
16077
16081
0
0
0
0
0
0
0
0
0
0
0
0
0
0
0
0
0
0
0
0
0
0
0
0
0
0
0
0
0
10000
11
10000
2574113761
10000
16392
16367
16391
16377
16395
16381
16379
16385
16383
16381
16376
16372
16360
16396
16366
16364
16381
16373
16370
16401
16359
16374
16377
16368
16373
16386
16365
16362
16402
16392
16361
0
0
0
0
0
0
0
0
0
0
0
0
0
0
0
0
0
0
0
0
0
0
0
0
0
0
0
0
0
10000
12
10000
2574846175
10000
16078
16060
16067
16066
16076
16064
16070
16071
16076
16067
16072
16079
16072
16070
16065
16068
16067
16059
16068
16080
16078
16061
16096
16071
16068
16078
16065
16076
16070
16080
16075
0
0
0
0
0
0
0
0
0
0
0
0
0
0
0
0
0
0
0
0
0
0
0
0
0
0
0
0
0
10000
11
10000
2577300731
10000
16361
16396
16358
16353
16390
16364
16365
16398
16363
16368
16389
16370
16361
16399
16372
16381
16377
16372
16366
16400
16358
16368
16384
16370
16383
16368
16380
16388
16377
16385
16382
0
0
0
0
0
0
0
0
0
0
0
0
0
0
0
0
0
0
0
0
0
0
0
0
0
0
0
0
0
10000
12
10000
2578033134
10000
16077
16073
16087
16080
16078
16072
16061
16061
16071
16070
16071
16079
16064
16072
16071
16070
16086
16075
16067
16075
16069
16070
16077
16070
16076
16076
16069
16056
16073
16072
16064
0
0
0
0
0
0
0
0
0
0
0
0
0
0
0
0
0
0
0
0
0
0
0
0
0
0
0
0
0
10000
11
10000
2580489409
10000
16381
16379
16388
16396
16360
16386
16380
16359
16390
16379
16376
16379
16397
16359
16390
16398
16366
16383
16388
16371
16390
16402
16366
16392
16399
16357
16394
16392
16366
16364
16405
0
0
0
0
0
0
0
0
0
0
0
0
0
0
0
0
0
0
0
0
0
0
0
0
0
0
0
0
0
10000
12
10000
2581222917
10000
16081
16073
16081
16071
16068
16077
16078
16069
16084
16081
16059
16078
16074
16075
16072
16070
16070
16073
16075
16071
16074
16075
16075
16085
16069
16069
16065
16091
16075
16071
16091
0
0
0
0
0
0
0
0
0
0
0
0
0
0
0
0
0
0
0
0
0
0
0
0
0
0
0
0
0
10000
11
10000
2583680169
10000
16394
16363
16384
16399
16370
16386
16380
16367
16383
16375
16363
16386
16372
16382
16372
16376
16368
16368
16368
16379
16369
16367
16385
16379
16378
16382
16374
16356
16394
16389
16394
0
0
0
0
0
0
0
0
0
0
0
0
0
0
0
0
0
0
0
0
0
0
0
0
0
0
0
0
0
10000
12
10000
2584413503
10000
16089
16078
16065
16078
16058
16076
16078
16069
16073
16071
16080
16074
16082
16069
16076
16084
16078
16082
16071
16066
16075
16082
16074
16071
16058
16085
16068
16079
16068
16068
16060
0
0
0
0
0
0
0
0
0
0
0
0
0
0
0
0
0
0
0
0
0
0
0
0
0
0
0
0
0
10000
11
10000
2586866783
10000
16372
16388
16385
16366
16379
16389
16362
16399
16364
16361
16399
16372
16374
16385
16374
16371
16386
16374
16367
16407
16362
16367
16402
16361
16363
16391
16370
16370
16388
16390
16375
0
0
0
0
0
0
0
0
0
0
0
0
0
0
0
0
0
0
0
0
0
0
0
0
0
0
0
0
0
10000
12
10000
2587599221
10000
16062
16057
16067
16066
16072
16066
16066
16071
16056
16067
16068
16056
16059
16059
16065
16057
16074
16068
16090
16079
16074
16075
16081
16074
16076
16078
16059
16065
16072
16081
16071
0
0
0
0
0
0
0
0
0
0
0
0
0
0
0
0
0
0
0
0
0
0
0
0
0
0
0
0
0
10000
11
10000
2590053611
10000
16374
16380
16376
16382
16372
16384
16383
16375
16378
16373
16368
16372
16389
16369
16392
16399
16375
16378
16382
16364
16395
16386
16370
16392
16384
16364
16392
16398
16370
16369
16360
0
0
0
0
0
0
0
0
0
0
0
0
0
0
0
0
0
0
0
0
0
0
0
0
0
0
0
0
0
10000
12
10000
2590786074
10000
16071
16086
16089
16068
16072
16068
16053
16066
16070
16071
16077
16082
16065
16067
16070
16066
16081
16072
16070
16076
16074
16068
16073
16070
16067
16067
16071
16071
16080
16078
16071
0
0
0
0
0
0
0
0
0
0
0
0
0
0
0
0
0
0
0
0
0
0
0
0
0
0
0
0
0
10000
11
10000
2593242315
10000
16391
16370
16386
16388
16373
16386
16393
16377
16386
16383
16370
16384
16382
16376
16390
16380
16365
16388
16384
16381
16383
16378
16372
16377
16374
16382
16384
16380
16386
16373
16393
0
0
0
0
0
0
0
0
0
0
0
0
0
0
0
0
0
0
0
0
0
0
0
0
0
0
0
0
0
10000
12
10000
2593975782
10000
16083
16077
16083
16076
16068
16076
16074
16066
16068
16077
16071
16069
16075
16070
16055
16068
16050
16069
16061
16085
16066
16066
16066
16073
16070
16060
16058
16054
16064
16066
16059
0
0
0
0
0
0
0
0
0
0
0
0
0
0
0
0
0
0
0
0
0
0
0
0
0
0
0
0
0
10000
11
10000
2596430225
10000
16373
16378
16388
16373
16386
16380
16377
16381
16367
16371
16396
16367
16371
16389
16369
16361
16381
16364
16358
16393
16380
16372
16388
16370
16362
16388
16363
16377
16384
16386
16381
0
0
0
0
0
0
0
0
0
0
0
0
0
0
0
0
0
0
0
0
0
0
0
0
0
0
0
0
0
10000
12
10000
2597165476
10000
16060
16074
16062
16072
16065
16058
16070
16061
16075
16077
16063
16062
16062
16066
16082
16083
16069
16068
16074
16071
16065
16074
16077
16057
16067
16066
16068
16063
16062
16086
16069
0
0
0
0
0
0
0
0
0
0
0
0
0
0
0
0
0
0
0
0
0
0
0
0
0
0
0
0
0
10000
11
10000
2599619545
10000
16376
16385
16394
16369
16384
16390
16371
16388
16374
16373
16388
16384
16391
16381
16375
16376
16378
16379
16388
16364
16383
16378
16376
16389
16387
16367
16385
16385
16368
16366
16364
0
0
0
0
0
0
0
0
0
0
0
0
0
0
0
0
0
0
0
0
0
0
0
0
0
0
0
0
0
10000
12
10000
2600352546
10000
16083
16073
16078
16088
16082
16061
16082
16075
16055
16074
16067
16068
16068
16073
16060
16066
16072
16064
16061
16066
16072
16047
16058
16056
16052
16070
16094
16067
16076
16066
16072
0
0
0
0
0
0
0
0
0
0
0
0
0
0
0
0
0
0
0
0
0
0
0
0
0
0
0
0
0
10000
11
10000
2602807235
10000
16396
16362
16361
16386
16364
16364
16387
16376
16374
16396
16362
16361
16393
16366
16371
16393
16381
16383
16391
16369
16388
16388
16393
16371
16381
16374
16380
16384
16366
16371
16381
0
0
0
0
0
0
0
0
0
0
0
0
0
0
0
0
0
0
0
0
0
0
0
0
0
0
0
0
0
10000
12
10000
2603540545
10000
16059
16059
16065
16054
16076
16073
16062
16065
16061
16060
16069
16065
16058
16074
16048
16079
16074
16057
16057
16069
16081
16060
16080
16067
16085
16054
16071
16066
16070
16075
16055
0
0
0
0
0
0
0
0
0
0
0
0
0
0
0
0
0
0
0
0
0
0
0
0
0
0
0
0
0
10000
11
10000
2605994934
10000
16383
16374
16385
16374
16379
16383
16376
16354
16343
16429
16346
16357
16320
16439
16257
16399
16335
16407
16378
16381
16383
16377
16412
16362
16377
16389
16377
16368
16342
16359
16353
0
0
0
0
0
0
0
0
0
0
0
0
0
0
0
0
0
0
0
0
0
0
0
0
0
0
0
0
0
10000
12
10000
2606730446
10000
15996
16068
16060
16079
16037
16060
16046
16044
16015
16187
16032
16144
16029
16113
16041
16036
16062
16074
16057
16088
16083
16112
16036
16085
16044
16076
16067
16073
16059
16068
16076
0
0
0
0
0
0
0
0
0
0
0
0
0
0
0
0
0
0
0
0
0
0
0
0
0
0
0
0
0
10000
11
10000
2609186825
10000
16405
16354
16368
16399
16353
16377
16383
16386
16394
16368
16396
16378
16385
16380
16368
16378
16374
16380
16382
16371
16393
16389
16369
16377
16390
16375
16383
16378
16367
16376
16378
0
0
0
0
0
0
0
0
0
0
0
0
0
0
0
0
0
0
0
0
0
0
0
0
0
0
0
0
0
10000
12
10000
2609919382
10000
16066
16075
16076
16088
16078
16049
16072
16062
16074
16073
16082
16078
16086
16067
16093
16071
16070
16074
16074
16070
16071
16061
16081
16069
16080
16070
16061
16076
16052
16068
16076
0
0
0
0
0
0
0
0
0
0
0
0
0
0
0
0
0
0
0
0
0
0
0
0
0
0
0
0
0
10000
11
10000
2614345784
10000
16392
16382
16372
16393
16365
16369
16389
16373
16370
16393
16360
16375
16382
16365
16370
16389
16376
16369
16393
16365
16386
16379
16372
16373
16373
16362
16360
16387
16375
16377
16384
16374
16374
16399
16373
16374
16365
16369
16372
16381
16387
16372
16372
16372
16384
16359
16366
16385
16383
16371
0
0
0
0
0
0
0
0
0
0
10000
12
10000
2616063718
10000
16084
16090
16075
16086
16086
16067
16080
16077
16065
16062
16074
16071
16083
16067
16064
16081
16074
16067
16069
16071
16075
16075
16081
16081
16064
16075
16084
16084
16083
16088
16073
16082
16078
16069
16077
16062
16075
16082
16067
16070
16086
16081
16081
16077
16072
16075
16070
16076
16070
16072
16068
16076
16072
16086
16078
16099
16082
16102
16085
16090
10000
11
10000
2620487725
10000
16385
16360
16376
16388
16366
16376
16381
16369
16370
16377
16377
16380
16386
16388
16389
16387
16366
16379
16373
16368
16383
16376
16384
16380
16380
16383
16379
16381
16391
16387
16374
16370
16377
16386
16365
16386
16377
16372
16374
16382
16394
16379
16384
16376
16369
16367
16375
16383
16369
16375
16367
16383
16368
16370
16384
16372
16375
16387
16372
16389
10000
12
10000
2622206705
10000
16078
16081
16087
16088
16079
16071
16076
16073
16082
16099
16065
16077
16071
16075
16076
16070
16075
16065
16073
16066
16072
16075
16070
16076
16074
16080
16061
16071
16077
16059
16076
16066
16053
16077
16055
16062
16080
16057
16073
16088
16058
16065
16076
16064
16070
16064
16049
16076
16072
16069
16077
16072
16060
16071
16068
16064
16063
16055
16052
16076
10000
11
10000
2626632812
10000
16378
16368
16395
16372
16369
16385
16389
16363
16390
16392
16376
16384
16380
16373
16379
16370
16380
16382
16389
16378
16373
16377
16381
16389
16377
16385
16376
16379
16378
16373
16371
16383
16384
16372
16390
16361
16364
16390
16370
16372
16373
16369
16366
16388
16389
16367
16385
16383
16369
16376
16390
16385
16380
16386
16381
16373
16385
16384
16374
16387
10000
12
10000
2628351818
10000
16058
16080
16075
16067
16064
16072
16052
16067
16057
16052
16064
16079
16054
16063
16068
16059
16088
16076
16078
16091
16081
16070
16077
16082
16073
16068
16083
16081
16059
16078
16076
16072
16074
16081
16063
16075
16054
16052
16070
16059
16059
16075
16062
16065
16088
16066
16073
16080
16073
16065
16070
16076
16056
16071
16066
16069
16079
16071
16084
16068
10000
11
10000
2632776016
10000
16376
16384
16381
16385
16369
16376
16376
16381
16377
16368
16379
16379
16375
16375
16373
16373
16399
16364
16376
16374
16377
16382
16376
16366
16374
16406
16378
16372
16376
16370
16375
16388
16371
16374
16387
16375
16379
16382
16376
16372
16388
16386
16384
16396
16378
16382
16379
16375
16372
16378
16360
16375
16389
16379
16378
16390
16372
16380
16380
16380
10000
12
10000
2633509720
10000
16087
16083
16081
16067
16082
16089
16063
16093
16079
16074
16077
16082
16055
16085
16067
16077
16074
16069
16066
16069
16074
16067
16056
16068
16093
16067
16069
16073
16072
16075
16057
16051
16080
16056
16072
16086
16059
16068
16084
16074
16077
16086
16057
16056
16079
16065
16068
16084
16065
16059
16072
0
0
0
0
0
0
0
0
0
10000
11
10000
2635963857
10000
16364
16376
16382
16369
16384
16368
16369
16392
16369
16363
16396
16371
16375
16385
16367
16373
16390
16379
16372
16392
16376
16371
16399
16371
16373
16379
16377
16380
16375
16364
16378
16391
0
0
0
0
0
0
0
0
0
0
0
0
0
0
0
0
0
0
0
0
0
0
0
0
0
0
0
0
10000
12
10000
2636696498
10000
16065
16071
16085
16071
16081
16070
16061
16070
16064
16056
16056
16062
16045
16055
16077
16052
16070
16056
16058
16059
16055
16049
16055
16050
16062
16076
16046
16049
16067
16075
16057
0
0
0
0
0
0
0
0
0
0
0
0
0
0
0
0
0
0
0
0
0
0
0
0
0
0
0
0
0
10000
11
10000
2639151573
10000
16382
16384
16365
16376
16373
16387
16379
16375
16377
16378
16375
16388
16373
16371
16370
16370
16376
16372
16376
16387
16376
16370
16380
16372
16390
16379
16372
16377
16384
16380
16363
0
0
0
0
0
0
0
0
0
0
0
0
0
0
0
0
0
0
0
0
0
0
0
0
0
0
0
0
0
10000
12
10000
2639884201
10000
16072
16052
16074
16067
16059
16063
16056
16063
16076
16068
16071
16085
16068
16061
16077
16053
16042
16084
16052
16075
16069
16067
16088
16070
16072
16076
16072
16060
16074
16067
16063
0
0
0
0
0
0
0
0
0
0
0
0
0
0
0
0
0
0
0
0
0
0
0
0
0
0
0
0
0
10000
11
10000
2642338627
10000
16377
16388
16372
16362
16377
16377
16373
16387
16368
16379
16380
16385
16381
16382
16375
16362
16392
16368
16371
16377
16383
16373
16374
16372
16367
16392
16387
16383
16366
16373
16389
0
0
0
0
0
0
0
0
0
0
0
0
0
0
0
0
0
0
0
0
0
0
0
0
0
0
0
0
0
10000
12
10000
2643071258
10000
16061
16068
16071
16070
16060
16060
16073
16051
16055
16076
16059
16074
16068
16062
16075
16078
16045
16074
16081
16056
16067
16066
16063
16079
16071
16076
16064
16063
16060
16056
16062
0
0
0
0
0
0
0
0
0
0
0
0
0
0
0
0
0
0
0
0
0
0
0
0
0
0
0
0
0
10000
11
10000
2647497440
10000
16388
16376
16388
16382
16368
16390
16386
16358
16396
16367
16373
16395
16398
16372
16383
16390
16361
16384
16391
16363
16384
16388
16360
16385
16379
16381
16383
16384
16382
16394
16387
16374
16391
16389
16378
16373
16391
16380
16386
16367
16375
16377
16376
16375
16376
16376
16381
16380
16375
16390
0
0
0
0
0
0
0
0
0
0
10000
12
10000
2649215632
10000
16072
16086
16053
16079
16073
16070
16080
16075
16060
16078
16079
16065
16085
16076
16069
16088
16071
16051
16083
16065
16066
16076
16070
16067
16073
16079
16080
16073
16069
16084
16068
16091
16083
16063
16095
16074
16065
16083
16057
16060
16082
16062
16057
16091
16058
16069
16078
16063
16070
16079
16070
16058
16066
16068
16061
16075
16072
16067
16060
16075
10000
11
10000
2653639845
10000
16389
16385
16377
16386
16364
16382
16394
16367
16391
16379
16378
16393
16384
16358
16383
16392
16365
16394
16390
16369
16393
16393
16367
16404
16383
16379
16392
16387
16376
16383
16378
16378
16384
16393
16370
16402
16395
16378
16375
16374
16384
16373
16379
16374
16378
16378
16380
16377
16365
16364
16405
16391
16364
16385
16393
16357
16381
16391
16375
16378
10000
12
10000
2655357989
10000
16071
16065
16075
16076
16053
16076
16077
16064
16073
16088
16049
16074
16074
16058
16082
16060
16064
16084
16051
16066
16065
16074
16091
16073
16072
16076
16057
16071
16069
16056
16064
16072
16059
16072
16060
16057
16080
16073
16053
16084
16066
16059
16069
16058
16054
16063
16074
16070
16058
16058
16064
16067
16062
16074
16072
16069
16064
16069
16066
16058
10000
11
10000
2659784240
10000
16391
16360
16383
16387
16380
16384
16384
16367
16387
16395
16374
16396
16390
16372
16375
16393
16370
16387
16381
16376
16383
16396
16368
16388
16392
16364
16384
16376
16379
16386
16374
16371
16384
16388
16374
16376
16381
16364
16379
16381
16393
16377
16364
16385
16373
16368
16383
16374
16367
16389
16400
16391
16363
16399
16391
16366
16387
16386
16368
16407
10000
12
10000
2661502381
10000
16057
16051
16077
16050
16083
16057
16056
16096
16091
16069
16078
16071
16057
16076
16079
16066
16080
16088
16080
16073
16071
16069
16070
16060
16066
16074
16068
16068
16061
16072
16081
16067
16084
16075
16076
16079
16076
16053
16077
16067
16074
16068
16053
16055
16078
16069
16066
16078
16058
16049
16060
16066
16052
16068
16068
16066
16078
16078
16062
16078
10000
11
10000
2664941046
10000
16390
16362
16375
16407
16357
16402
16400
16363
16393
16382
16370
16399
16386
16370
16385
16392
16363
16386
16384
16375
16376
16383
16369
16381
16367
16381
16362
16361
16387
16366
16383
16389
16364
16381
16400
16369
16394
16381
16370
16397
16412
16373
16388
16412
16365
16399
16403
16353
16402
16389
16390
0
0
0
0
0
0
0
0
0
10000
12
10000
2665673791
10000
16050
16066
16059
16054
16055
16065
16050
16071
16059
16068
16091
16070
16072
16083
16089
16077
16080
16062
16075
16084
16074
16061
16075
16068
16083
16072
16070
16073
16066
16077
16082
16083
16082
16058
16063
16090
16057
16073
16086
16067
16075
0
0
0
0
0
0
0
0
0
0
0
0
0
0
0
0
0
0
0
