10000
12
10000
2057900335
10000
16060
16074
16039
16096
16048
16059
16068
16051
16052
16082
16067
16058
16077
16052
16058
16058
16042
16068
16087
16050
16053
16069
16070
16069
16066
16078
16066
16072
16060
16043
16039
0
0
0
0
0
0
0
0
0
0
0
0
0
0
0
0
0
0
0
0
0
0
0
0
0
0
0
0
0
10000
11
10000
2060356250
10000
16363
16384
16363
16379
16367
16375
16371
16369
16368
16354
16394
16367
16377
16375
16383
16367
16385
16350
16378
16372
16367
16371
16377
16369
16374
16366
16393
16380
16368
16376
16381
0
0
0
0
0
0
0
0
0
0
0
0
0
0
0
0
0
0
0
0
0
0
0
0
0
0
0
0
0
10000
12
10000
2061089682
10000
16055
16057
16057
16064
16058
16069
16063
16074
16060
16085
16070
16058
16087
16069
16048
16067
16066
16065
16064
16062
16060
16055
16057
16064
16040
16040
16065
16055
16037
16070
16063
0
0
0
0
0
0
0
0
0
0
0
0
0
0
0
0
0
0
0
0
0
0
0
0
0
0
0
0
0
10000
11
10000
2065514685
10000
16377
16360
16390
16394
16363
16413
16381
16376
16366
16382
16363
16386
16367
16361
16402
16397
16358
16397
16396
16340
16403
16372
16357
16398
16390
16377
16369
16384
16351
16387
16349
16388
16370
16375
16365
16378
16388
16356
16382
16356
16367
16337
16420
16341
16363
16377
16373
16370
16378
16378
0
0
0
0
0
0
0
0
0
0
10000
12
10000
2067232707
10000
16039
16061
16048
16035
16048
16055
16043
16056
16065
16045
16073
16038
16059
16075
16036
16056
16051
16043
16041
16039
16061
16031
16091
16035
16066
16039
16044
16075
16029
16077
16067
16068
16061
16063
16070
16126
15990
16070
16033
16055
16025
16069
16035
16037
16049
16031
16059
16060
16057
16047
16046
16058
16055
16052
16060
16053
16054
16074
16062
16048
10000
11
10000
2071656545
10000
16370
16373
16383
16411
16350
16396
16402
16345
16394
16382
16354
16392
16395
16361
16399
16379
16373
16376
16380
16345
16391
16391
16349
16392
16355
16353
16383
16363
16357
16404
16364
16370
16382
16360
16377
16367
16385
16379
16370
16380
16385
16364
16385
16382
16374
16376
16384
16361
16378
16381
16385
16370
16354
16397
16344
16340
16404
16345
16347
16387
10000
12
10000
2073374458
10000
16066
16061
16044
16066
16071
16042
16060
16062
16056
16071
16049
16057
16070
16047
16058
16077
16054
16053
16063
16051
16057
16065
16068
16065
16073
16068
16064
16060
16060
16068
16041
16055
16045
16060
16069
16051
16057
16065
16059
16050
16062
16043
16072
16056
16045
16072
16059
16039
16053
16071
16053
16055
16070
16049
16060
16063
16066
16054
16054
16065
10000
11
10000
2077799237
10000
16356
16345
16387
16362
16367
16388
16357
16367
16386
16342
16352
16377
16348
16364
16387
16361
16349
16388
16361
16367
16398
16356
16375
16386
16383
16369
16374
16371
16378
16371
16375
16373
16372
16368
16377
16367
16373
16377
16372
16383
16380
16368
16391
16403
16367
16399
16397
16368
16387
16384
16393
16355
16345
16387
16352
16363
16385
16348
16375
16389
10000
12
10000
2079519110
10000
16061
16056
16068
16060
16045
16073
16059
16055
16060
16064
16049
16060
16048
16044
16063
16040
16070
16084
16066
16057
16071
16074
16060
16067
16065
16084
16072
16069
16080
16077
16080
16069
16048
16068
16053
16077
16079
16076
16043
16084
16059
16073
16076
16070
16064
16068
16064
16076
16072
16064
16070
16084
16065
16071
16058
16068
16083
16074
16071
16058
10000
11
10000
2083946877
10000
16366
16357
16385
16352
16357
16387
16353
16352
16386
16353
16347
16385
16360
16361
16372
16365
16360
16380
16377
16368
16362
16393
16363
16374
16384
16369
16364
16382
16382
16356
16381
16394
16361
16389
16396
16354
16393
16389
16339
16408
16386
16349
16389
16373
16371
16383
16366
16357
16383
16391
16390
16367
16357
16389
16365
16359
16390
16366
16358
16379
10000
12
10000
2084679228
10000
16086
16057
16057
16091
16079
16095
16056
16066
16061
16056
16071
16081
16068
16069
16071
16064
16054
16060
16063
16070
16070
16054
16076
16074
16084
16074
16064
16094
16083
16075
16088
16060
16076
16078
16071
16064
16077
16071
16069
16089
16081
16091
16080
16068
16081
16086
16080
16075
16077
16066
16073
0
0
0
0
0
0
0
0
0
10000
11
10000
2087134051
10000
16362
16360
16384
16363
16358
16393
16367
16371
16368
16382
16377
16373
16383
16367
16367
16369
16376
16373
16387
16389
16357
16392
16393
16367
16378
16391
16363
16386
16384
16365
16382
16383
0
0
0
0
0
0
0
0
0
0
0
0
0
0
0
0
0
0
0
0
0
0
0
0
0
0
0
0
10000
12
10000
2087867363
10000
16072
16077
16070
16077
16081
16077
16083
16062
16078
16062
16071
16078
16078
16067
16075
16069
16063
16077
16067
16062
16070
16061
16057
16063
16059
16071
16079
16078
16069
16071
16067
0
0
0
0
0
0
0
0
0
0
0
0
0
0
0
0
0
0
0
0
0
0
0
0
0
0
0
0
0
10000
11
10000
2090321383
10000
16354
16359
16382
16356
16344
16390
16346
16356
16403
16343
16346
16389
16355
16360
16386
16364
16347
16397
16371
16355
16387
16378
16359
16383
16358
16366
16375
16372
16372
16362
16372
0
0
0
0
0
0
0
0
0
0
0
0
0
0
0
0
0
0
0
0
0
0
0
0
0
0
0
0
0
10000
12
10000
2091055676
10000
16071
16056
16073
16081
16065
16078
16072
16063
16053
16082
16072
16073
16080
16062
16056
16077
16057
16068
16075
16063
16076
16082
16070
16072
16071
16067
16069
16067
16066
16059
16067
0
0
0
0
0
0
0
0
0
0
0
0
0
0
0
0
0
0
0
0
0
0
0
0
0
0
0
0
0
10000
11
10000
2095480527
10000
16361
16376
16366
16381
16384
16364
16380
16397
16377
16385
16380
16368
16392
16413
16355
16390
16392
16349
16402
16393
16355
16391
16389
16367
16387
16394
16355
16396
16388
16362
16388
16394
16347
16384
16404
16350
16405
16399
16355
16393
16393
16369
16378
16377
16370
16385
16384
16370
16381
16376
0
0
0
0
0
0
0
0
0
0
10000
12
10000
2097199097
10000
16050
16062
16056
16068
16070
16064
16069
16074
16062
16071
16073
16050
16075
16073
16050
16069
16073
16047
16074
16077
16054
16064
16058
16068
16057
16065
16071
16075
16050
16060
16049
16064
16059
16055
16063
16066
16045
16063
16056
16059
16060
16047
16053
16058
16054
16056
16061
16053
16065
16072
10000
11
10000
2101624362
10000
16366
16373
16374
16379
16384
16363
16388
16384
16377
16390
16395
16365
16391
16376
16354
16377
16376
16365
16388
16391
16361
16387
16394
16363
16390
16396
16353
16388
16392
16351
16396
16396
16346
16399
16392
16347
16393
16397
16355
16401
16398
16361
16386
16392
16361
16394
16384
16358
16376
16373
16373
16369
16378
16362
16379
16364
16385
16373
16375
16374
10000
12
10000
2103343111
10000
16073
16064
16062
16061
16058
16056
16039
16057
16055
16059
16054
16074
16055
16071
16085
16070
16057
16086
16061
16055
16059
16044
16068
16068
16046
16064
16062
16061
16063
16061
16072
16064
16044
16054
16050
16054
16056
16052
16068
16071
16059
16068
16072
16047
16059
16063
16057
16065
16063
16063
16052
16071
16051
16057
16058
16063
16069
16071
16048
16062
10000
11
10000
2107769885
10000
16388
16390
16360
16394
16393
16355
16382
16393
16351
16398
16381
16351
16399
16399
16362
16383
16383
16359
16399
16399
16353
16389
16395
16366
16388
16397
16368
16391
16390
16358
16384
16390
16371
16391
16388
16365
16376
16380
16353
16375
16376
16375
16381
16379
16391
16367
16367
16382
16358
16359
16372
16394
16365
16376
16391
16356
16388
16385
16366
16372
10000
12
10000
2109489547
10000
16070
16068
16070
16053
16053
16067
16061
16059
16074
16078
16065
16082
16071
16058
16073
16058
16054
16083
16076
16076
16074
16063
16069
16070
16068
16069
16058
16078
16067
16061
16056
16057
16056
16072
16075
16064
16072
16070
16069
16073
16069
16081
16069
16066
16060
16067
16051
16076
16073
16063
16075
16075
16065
16053
16075
16061
16069
16067
16062
16070
10000
11
10000
2113916148
10000
16384
16369
16375
16396
16394
16350
16394
16394
16350
16398
16395
16360
16390
16388
16358
16402
16403
16351
16409
16398
16356
16382
16378
16357
16388
16391
16362
16381
16386
16356
16372
16379
16362
16370
16375
16374
16369
16382
16378
16363
16389
16378
16365
16357
16393
16361
16345
16397
16354
16358
16383
16393
16358
16390
16393
16353
16391
16396
16353
16363
10000
12
10000
2115635359
10000
16072
16058
16062
16064
16060
16074
16065
16060
16084
16067
16073
16070
16066
16064
16067
16061
16058
16068
16077
16074
16075
16061
16059
16085
16076
16073
16064
16057
16083
16056
16050
16067
16074
16057
16071
16061
16060
16064
16061
16073
16066
16072
16065
16065
16064
16060
16072
16085
16066
16049
16049
16054
16072
16058
16075
16081
16072
16088
16055
16064
10000
11
10000
2120062818
10000
16398
16393
16356
16383
16405
16359
16399
16383
16359
16389
16396
16357
16385
16381
16358
16393
16397
16360
16377
16384
16364
16375
16388
16377
16382
16366
16382
16370
16362
16387
16367
16374
16381
16356
16373
16389
16369
16368
16396
16360
16348
16399
16369
16351
16383
16354
16364
16400
16343
16355
16400
16400
16356
16391
16395
16357
16398
16385
16346
16363
10000
12
10000
2121781074
10000
16082
16072
16052
16070
16077
16084
16081
16082
16077
16075
16083
16072
16070
16091
16075
16068
16067
16065
16070
16066
16067
16060
16077
16085
16070
16081
16068
16081
16071
16065
16063
16072
16078
16072
16082
16062
16074
16072
16069
16061
16068
16084
16068
16072
16077
16064
16076
16082
16084
16081
16085
16090
16082
16071
16089
16075
16072
16077
16087
16083
10000
11
10000
2126207011
10000
16381
16395
16351
16391
16399
16355
16395
16388
16368
16382
16387
16387
16365
16381
16369
16382
16374
16374
16374
16366
16387
16365
16363
16384
16375
16375
16388
16361
16353
16388
16358
16353
16394
16360
16355
16402
16351
16352
16388
16350
16370
16387
16350
16358
16380
16365
16360
16390
16354
16348
16390
16381
16362
16400
16398
16359
16380
16385
16369
16357
10000
12
10000
2127926831
10000
16078
16073
16083
16084
16077
16074
16081
16090
16080
16073
16079
16077
16081
16086
16079
16081
16084
16062
16054
16072
16065
16077
16074
16063
16060
16073
16065
16070
16068
16062
16073
16061
16074
16062
16069
16069
16060
16069
16063
16069
16084
16066
16066
16060
16073
16086
16079
16077
16068
16077
16067
16074
16075
16082
16078
16067
16087
16084
16074
16072
10000
11
10000
2135477173
10000
16364
16395
16353
16357
16399
16352
16360
16394
16360
16339
16407
16356
16404
16390
16373
16374
16378
16364
16385
16385
16367
16378
16379
16376
16380
16369
16370
16385
16384
16368
16377
16360
16369
16367
16368
16369
16373
16351
16393
16355
16360
16391
16364
16367
16394
16358
16351
16385
16364
16356
16366
16382
16368
16366
16384
16362
16361
16396
16367
16358
10000
12
10000
2136210581
10000
16087
16089
16061
16080
16060
16061
16063
16075
16060
16085
16080
16075
16072
16067
16068
16079
16089
16072
16076
16073
16080
16073
16079
16064
16077
16068
16084
16078
16073
16078
16085
16077
16059
16074
16074
16064
16070
16084
16066
16072
16078
16083
16078
16085
16068
16088
16086
16066
16083
16065
10000
11
10000
2138664938
10000
16392
16390
16359
16397
16393
16364
16381
16392
16355
16380
16380
16362
16379
16380
16374
16378
16385
16371
16386
16375
16381
16371
16376
16360
16377
16373
16375
16366
16367
16385
16366
16359
0
0
0
0
0
0
0
0
0
0
0
0
0
0
0
0
0
0
0
0
0
0
0
0
0
0
0
0
10000
12
10000
2139398332
10000
16083
16056
16065
16075
16068
16087
16066
16058
16080
16066
16066
16079
16069
16066
16074
16068
16048
16069
16054
16075
16061
16059
16076
16081
16073
16083
16079
16070
16068
16065
16076
0
0
0
0
0
0
0
0
0
0
0
0
0
0
0
0
0
0
0
0
0
0
0
0
0
0
0
0
0
10000
11
10000
2141852652
10000
16374
16382
16359
16390
16387
16372
16384
16390
16367
16377
16391
16355
16387
16381
16373
16382
16380
16369
16382
16387
16358
16389
16382
16357
16384
16380
16360
16385
16380
16368
16380
0
0
0
0
0
0
0
0
0
0
0
0
0
0
0
0
0
0
0
0
0
0
0
0
0
0
0
0
0
10000
12
10000
2142585942
10000
16072
16078
16064
16082
16082
16074
16090
16088
16075
16073
16073
16064
16081
16076
16062
16078
16077
16067
16073
16076
16089
16064
16059
16102
16069
16108
16078
16068
16066
16064
16072
0
0
0
0
0
0
0
0
0
0
0
0
0
0
0
0
0
0
0
0
0
0
0
0
0
0
0
0
0
10000
11
10000
2145042965
10000
16369
16380
16371
16381
16387
16370
16390
16379
16383
16365
16358
16366
16383
16378
16368
16380
16391
16356
16371
16371
16378
16368
16366
16386
16352
16363
16398
16349
16355
16386
16407
0
0
0
0
0
0
0
0
0
0
0
0
0
0
0
0
0
0
0
0
0
0
0
0
0
0
0
0
0
10000
12
10000
2145775719
10000
16087
16082
16083
16071
16082
16069
16080
16062
16069
16069
16058
16064
16064
16068
16071
16077
16057
16078
16048
16068
16041
16055
16063
16046
16041
16069
16069
16070
16095
16070
16056
0
0
0
0
0
0
0
0
0
0
0
0
0
0
0
0
0
0
0
0
0
0
0
0
0
0
0
0
0
10000
11
10000
2148231244
10000
16348
16331
16410
16343
16391
16378
16360
16358
16400
16329
16331
16403
16350
16359
16398
16353
16320
16406
16363
16402
16347
16425
16401
16361
16389
16379
16376
16395
16402
16359
16362
0
0
0
0
0
0
0
0
0
0
0
0
0
0
0
0
0
0
0
0
0
0
0
0
0
0
0
0
0
10000
12
10000
2148964661
10000
16049
16050
16075
16045
16043
16093
16041
16056
16067
15987
16060
16073
16057
16076
16088
16061
16039
16075
16034
16037
16055
16071
16070
16081
16075
16061
16061
16044
16071
16084
16062
0
0
0
0
0
0
0
0
0
0
0
0
0
0
0
0
0
0
0
0
0
0
0
0
0
0
0
0
0
10000
11
10000
2153402514
10000
16389
16361
16379
16362
16381
16376
16362
16382
16362
16385
16369
16370
16379
16372
16386
16388
16392
16354
16385
16389
16357
16387
16384
16359
16395
16397
16348
16403
16395
16365
16362
16373
16383
16375
16374
16378
16381
16369
16380
16369
16371
16365
16368
16384
16366
16385
16370
16373
16379
16375
16369
0
0
0
0
0
0
0
0
0
10000
12
10000
2155122288
10000
16069
16072
16063
16063
16063
16068
16069
16073
16074
16061
16054
16072
16063
16080
16075
16070
16077
16070
16072
16071
16055
16089
16059
16062
16078
16079
16069
16076
16072
16057
16107
16077
16075
16086
16064
16078
16089
16068
16086
16081
16075
16092
16082
16076
16081
16078
16081
16064
16077
16078
16086
16068
16082
16086
16075
16088
16085
16073
16079
16076
10000
11
10000
2159548688
10000
16367
16375
16385
16373
16369
16385
16368
16365
16381
16361
16373
16377
16355
16372
16371
16369
16365
16374
16361
16367
16392
16375
16367
16384
16371
16364
16383
16363
16370
16364
16362
16371
16372
16363
16369
16377
16374
16380
16383
16367
16382
16376
16369
16377
16368
16375
16378
16371
16374
16369
16373
16375
16378
16392
16369
16391
16376
16370
16400
16389
10000
12
10000
2161268890
10000
16085
16064
16074
16080
16061
16070
16054
16053
16068
16067
16063
16072
16057
16060
16075
16056
16065
16053
16066
16053
16066
16065
16053
16073
16075
16053
16072
16069
16064
16080
16078
16065
16052
16081
16070
16068
16068
16072
16064
16059
16060
16069
16070
16056
16047
16032
16037
16046
16028
16023
16043
16035
16034
16068
16073
16079
16072
16082
16074
16059
10000
11
10000
2165694273
10000
16358
16371
16384
16361
16359
16382
16367
16362
16369
16357
16375
16364
16372
16365
16375
16378
16360
16380
16377
16370
16377
16356
16375
16370
16373
16400
16356
16387
16376
16378
16383
16374
16372
16381
16379
16365
16365
16391
16361
16391
16363
16362
16386
16377
16375
16371
16365
16370
16374
16371
16376
16375
16402
16375
16379
16382
16386
16367
16381
16390
10000
12
10000
2167413798
10000
16044
16050
16050
16041
16035
16048
16089
16082
16059
16028
16033
16042
16059
16032
16073
16037
16054
16051
16054
16061
16056
16043
16052
16041
16021
16026
16029
16035
16024
16032
16029
16013
16027
16045
16013
16043
16044
16054
16044
16057
16035
16048
16036
16047
16043
16035
16040
16040
16056
16032
16051
16047
16064
16062
16051
16057
16060
16045
16045
16039
10000
11
10000
2171839253
10000
16366
16364
16369
16374
16367
16386
16384
16372
16370
16372
16359
16380
16382
16392
16375
16377
16375
16376
16372
16376
16369
16384
16384
16370
16383
16378
16372
16376
16368
16385
16373
16376
16369
16368
16379
16381
16383
16376
16369
16386
16380
16372
16388
16381
16375
16369
16372
16364
16382
16384
16377
16364
16375
16381
16357
16394
16383
16369
16372
16367
10000
12
10000
2174546022
10000
16072
16051
16055
16059
16080
16050
16056
16068
16050
16050
16053
16056
16049
16051
16069
16055
16081
16085
16064
16045
16059
16046
16056
16058
16047
16072
16070
16059
16071
16090
16072
16075
16087
16062
16066
16065
16077
16078
16061
16072
16063
16052
16098
16075
16076
16095
16071
16082
16081
16078
10000
11
10000
2178973666
10000
16365
16375
16376
16378
16364
16380
16381
16377
16367
16373
16375
16378
16371
16386
16374
16362
16370
16363
16380
16376
16376
16380
16370
16390
16366
16374
16374
16383
16382
16371
16373
16375
16367
16377
16370
16375
16368
16365
16379
16353
16368
16386
16377
16371
16381
16368
16364
16375
16371
16366
16373
16371
16372
16380
16366
16368
16368
16386
16371
16364
10000
12
10000
2180693381
10000
16071
16064
16072
16092
16059
16093
16065
16060
16073
16072
16055
16082
16058
16084
16080
16077
16095
16073
16071
16105
16052
16068
16080
16065
16057
16078
16082
16059
16081
16076
16057
16079
16089
16058
16080
16062
16056
16089
16059
16071
16072
16067
16071
16068
16066
16065
16051
16078
16062
16066
16086
16049
16071
16063
16064
16069
16078
16039
16078
16059
10000
11
10000
2185118367
10000
16381
16394
16358
16395
16398
16368
16373
16391
16366
16387
16387
16374
16391
16376
16364
16379
16388
16367
16381
16369
16366
16384
16372
16384
16372
16374
16364
16378
16368
16376
16371
16368
16366
16381
16364
16377
16366
16369
16381
16377
16380
16386
16361
16363
16387
16364
16367
16389
16367
16373
16370
16370
16365
16370
16381
16360
16357
16391
16361
16372
10000
12
10000
2186837128
10000
16068
16049
16054
16038
16071
16047
16074
16063
16062
16048
16065
16051
16057
16057
16051
16052
16050
16053
16066
16047
16067
16061
16050
16062
16063
16036
16067
16060
16054
16074
16057
16039
16050
16052
16041
16059
16057
16053
16055
16048
16041
16054
16053
16065
16051
16057
16063
16066
16076
16060
16048
16058
16055
16034
16034
16048
16025
16042
16043
16055
10000
11
10000
2191263848
10000
16397
16388
16370
16385
16375
16366
16391
16376
16381
16387
16376
16371
16382
16367
16371
16385
16379
16373
16389
16375
16373
16366
16367
16376
16366
16363
16376
16360
16367
16395
16367
16379
16383
16362
16377
16380
16390
16374
16380
16375
16366
16382
16372
16368
16383
16376
16375
16381
16381
16361
16358
16388
16357
16366
16380
16371
16369
16390
16368
16370
10000
12
10000
2192982514
10000
16040
16081
16078
16070
16077
16058
16069
16068
16062
16082
16055
16021
16077
16080
16056
16068
16054
16070
16080
16065
16084
16055
16052
16059
16060
16040
16070
16065
16055
16062
16078
16058
16056
16054
16043
16067
16053
16059
16058
16054
16047
16059
16055
16058
16049
16069
16071
16059
16060
16070
16044
16052
16071
16073
16059
16066
16068
16061
16085
16082
10000
11
10000
2197409079
10000
16382
16389
16368
16399
16383
16375
16375
16386
16382
16378
16374
16376
16379
16365
16389
16363
16357
16388
16362
16360
16386
16360
16361
16379
16365
16380
16388
16367
16373
16375
16376
16359
16400
16359
16372
16390
16364
16358
16394
16358
16374
16376
16371
16369
16383
16360
16366
16377
16377
16381
16363
16390
16364
16367
16374
16363
16376
16380
16366
16366
10000
12
10000
2199126822
10000
16054
16073
16076
16072
16068
16085
16074
16073
16065
16075
16072
16056
16065
16062
16084
16079
16062
16077
16082
16074
16071
16090
16064
16089
16076
16050
16093
16069
16063
16074
16067
16072
16067
16064
16075
16079
16079
16101
16062
16066
16086
16073
16085
16096
16071
16087
16057
16063
16084
16083
16061
16079
16080
16074
16094
16076
16055
16064
16079
16091
10000
11
10000
2203551720
10000
16378
16384
16376
16357
16366
16386
16365
16366
16380
16352
16357
16383
16360
16366
16401
16360
16358
16396
16367
16359
16396
16376
16357
16384
16368
16367
16384
16365
16364
16390
16376
16369
16393
16369
16366
16386
16359
16358
16375
16377
16363
16384
16355
16365
16383
16369
16383
16382
16368
16369
16386
16371
16375
16369
16360
16383
16364
16358
16381
16383
