10000
11
10000
3408945402
10000
16384
16359
16372
16396
16364
16376
16387
16376
16359
16387
16378
16380
16386
16374
16368
16391
16366
16376
16402
16366
16354
16396
16358
16367
16400
16380
16366
16396
16366
16369
16368
0
0
0
0
0
0
0
0
0
0
0
0
0
0
0
0
0
0
0
0
0
0
0
0
0
0
0
0
0
10000
12
10000
3409678772
10000
16080
16080
16084
16083
16077
16075
16075
16078
16060
16068
16072
16064
16082
16095
16059
16085
16078
16069
16051
16093
16049
16061
16063
16055
16057
16070
16052
16055
16058
16042
16052
0
0
0
0
0
0
0
0
0
0
0
0
0
0
0
0
0
0
0
0
0
0
0
0
0
0
0
0
0
10000
11
10000
3412134514
10000
16391
16380
16374
16392
16378
16382
16384
16381
16369
16379
16383
16375
16380
16391
16390
16370
16386
16391
16381
16389
16386
16371
16391
16391
16368
16388
16379
16365
16391
16387
16389
0
0
0
0
0
0
0
0
0
0
0
0
0
0
0
0
0
0
0
0
0
0
0
0
0
0
0
0
0
10000
12
10000
3412867917
10000
16058
16052
16059
16058
16068
16056
16035
16048
16049
16042
16036
16066
16043
16048
16060
16032
16074
16057
16041
16048
16040
16040
16052
16056
16051
16049
16054
16042
16064
16060
16056
0
0
0
0
0
0
0
0
0
0
0
0
0
0
0
0
0
0
0
0
0
0
0
0
0
0
0
0
0
10000
11
10000
3417294877
10000
16363
16370
16399
16368
16371
16399
16365
16362
16403
16354
16375
16390
16358
16369
16392
16372
16400
16379
16372
16395
16395
16367
16378
16396
16368
16375
16385
16380
16378
16376
16387
16383
16382
16376
16383
16376
16387
16373
16376
16395
16380
16383
16386
16364
16377
16384
16371
16358
16407
16398
0
0
0
0
0
0
0
0
0
0
10000
12
10000
3418027268
10000
16051
16048
16052
16049
16049
16055
16059
16059
16058
16057
16050
16064
16065
16070
16073
16084
16064
16062
16054
16062
16063
16053
16061
16066
16063
16065
16068
16069
16076
16073
16066
16072
16049
16078
16076
16059
16084
16071
16058
16085
16069
16070
16085
16059
16055
16057
16063
16037
16075
16066
0
0
0
0
0
0
0
0
0
0
10000
11
10000
3420482450
10000
16364
16365
16392
16357
16355
16401
16361
16352
16397
16366
16370
16393
16365
16365
16392
16363
16373
16391
16375
16351
16371
16388
16376
16387
16372
16374
16381
16391
16414
16353
16415
16411
0
0
0
0
0
0
0
0
0
0
0
0
0
0
0
0
0
0
0
0
0
0
0
0
0
0
0
0
10000
12
10000
3421215504
10000
16063
16075
16065
16064
16051
16047
16059
16067
16061
16064
16049
16052
16072
16040
16052
16071
16036
16062
16059
16055
16068
16052
16067
16076
16078
16060
16048
16041
16071
16051
16081
16056
0
0
0
0
0
0
0
0
0
0
0
0
0
0
0
0
0
0
0
0
0
0
0
0
0
0
0
0
10000
11
10000
3423669204
10000
16343
16390
16370
16376
16411
16410
16365
16416
16416
16370
16383
16391
16386
16384
16377
16387
16379
16390
16381
16396
16392
16364
16404
16407
16370
16396
16406
16358
16401
16393
16400
0
0
0
0
0
0
0
0
0
0
0
0
0
0
0
0
0
0
0
0
0
0
0
0
0
0
0
0
0
10000
12
10000
3424402636
10000
16069
16068
16065
16080
16048
16071
16070
16057
16078
16053
16057
16057
16060
16049
16061
16058
16081
16070
16054
16073
16072
16054
16085
16070
16063
16070
16069
16057
16065
16069
16072
0
0
0
0
0
0
0
0
0
0
0
0
0
0
0
0
0
0
0
0
0
0
0
0
0
0
0
0
0
10000
11
10000
3426856246
10000
16367
16396
16398
16364
16392
16403
16354
16399
16381
16360
16387
16379
16386
16386
16383
16370
16386
16391
16378
16378
16377
16377
16392
16376
16389
16365
16358
16396
16373
16378
16370
0
0
0
0
0
0
0
0
0
0
0
0
0
0
0
0
0
0
0
0
0
0
0
0
0
0
0
0
0
10000
12
10000
3427589587
10000
16062
16067
16057
16059
16076
16065
16061
16059
16077
16056
16071
16078
16062
16052
16070
16064
16050
16079
16062
16063
16091
16055
16061
16072
16053
16046
16079
16061
16077
16073
16091
0
0
0
0
0
0
0
0
0
0
0
0
0
0
0
0
0
0
0
0
0
0
0
0
0
0
0
0
0
10000
11
10000
3430044144
10000
16399
16368
16372
16391
16378
16365
16394
16372
16381
16395
16361
16375
16396
16366
16376
16393
16364
16358
16403
16361
16354
16402
16350
16368
16383
16375
16363
16403
16357
16377
16382
0
0
0
0
0
0
0
0
0
0
0
0
0
0
0
0
0
0
0
0
0
0
0
0
0
0
0
0
0
10000
12
10000
3430777448
10000
16070
16063
16058
16063
16063
16053
16057
16071
16048
16075
16057
16042
16058
16043
16055
16074
16051
16052
16071
16041
16064
16071
16075
16058
16092
16052
16085
16062
16065
16042
16059
0
0
0
0
0
0
0
0
0
0
0
0
0
0
0
0
0
0
0
0
0
0
0
0
0
0
0
0
0
10000
11
10000
3433232218
10000
16390
16368
16370
16399
16357
16374
16387
16380
16369
16375
16390
16385
16379
16387
16389
16377
16377
16395
16365
16404
16401
16359
16403
16389
16376
16389
16395
16366
16403
16402
16401
0
0
0
0
0
0
0
0
0
0
0
0
0
0
0
0
0
0
0
0
0
0
0
0
0
0
0
0
0
10000
12
10000
3433966612
10000
16053
16060
16046
16080
16073
16062
16056
16088
16054
16066
16072
16049
16073
16077
16073
16075
16084
16066
16074
16074
16059
16083
16065
16068
16068
16068
16072
16066
16080
16061
16086
0
0
0
0
0
0
0
0
0
0
0
0
0
0
0
0
0
0
0
0
0
0
0
0
0
0
0
0
0
10000
11
10000
3436420354
10000
16362
16400
16399
16365
16405
16408
16359
16397
16415
16342
16412
16413
16353
16402
16389
16369
16393
16394
16373
16375
16386
16369
16380
16394
16366
16391
16374
16371
16395
16393
16379
0
0
0
0
0
0
0
0
0
0
0
0
0
0
0
0
0
0
0
0
0
0
0
0
0
0
0
0
0
10000
12
10000
3437153770
10000
16102
16076
16076
16065
16077
16061
16068
16077
16063
16073
16071
16075
16061
16071
16075
16043
16087
16072
16057
16073
16093
16058
16071
16061
16071
16071
16049
16084
16088
16055
16082
0
0
0
0
0
0
0
0
0
0
0
0
0
0
0
0
0
0
0
0
0
0
0
0
0
0
0
0
0
10000
11
10000
3439608549
10000
16380
16377
16356
16408
16362
16354
16395
16363
16367
16392
16361
16372
16397
16370
16365
16402
16362
16345
16397
16363
16360
16400
16362
16354
16401
16351
16366
16397
16365
16371
16362
0
0
0
0
0
0
0
0
0
0
0
0
0
0
0
0
0
0
0
0
0
0
0
0
0
0
0
0
0
10000
12
10000
3440342891
10000
16060
16048
16060
16069
16058
16076
16084
16071
16071
16067
16065
16087
16064
16072
16078
16064
16063
16079
16067
16056
16079
16064
16065
16073
16071
16076
16079
16074
16077
16091
16069
0
0
0
0
0
0
0
0
0
0
0
0
0
0
0
0
0
0
0
0
0
0
0
0
0
0
0
0
0
10000
11
10000
3442796650
10000
16398
16352
16363
16397
16368
16372
16391
16371
16372
16392
16368
16379
16393
16380
16388
16382
16371
16379
16372
16376
16381
16388
16374
16374
16375
16395
16391
16363
16396
16390
16395
0
0
0
0
0
0
0
0
0
0
0
0
0
0
0
0
0
0
0
0
0
0
0
0
0
0
0
0
0
10000
12
10000
3443529041
10000
16093
16083
16078
16077
16079
16073
16078
16073
16060
16065
16070
16069
16087
16075
16063
16076
16057
16067
16063
16061
16069
16085
16069
16075
16068
16071
16081
16078
16068
16077
16076
0
0
0
0
0
0
0
0
0
0
0
0
0
0
0
0
0
0
0
0
0
0
0
0
0
0
0
0
0
10000
11
10000
3445982920
10000
16368
16408
16402
16364
16399
16410
16357
16403
16401
16376
16394
16394
16365
16395
16405
16354
16394
16393
16364
16398
16405
16361
16402
16404
16365
16386
16400
16368
16398
16386
16388
0
0
0
0
0
0
0
0
0
0
0
0
0
0
0
0
0
0
0
0
0
0
0
0
0
0
0
0
0
10000
12
10000
3446715347
10000
16075
16082
16067
16076
16075
16081
16088
16085
16068
16078
16092
16069
16083
16084
16059
16091
16080
16072
16076
16078
16076
16073
16074
16069
16098
16071
16087
16065
16067
16070
16068
0
0
0
0
0
0
0
0
0
0
0
0
0
0
0
0
0
0
0
0
0
0
0
0
0
0
0
0
0
10000
11
10000
3449170998
10000
16371
16379
16385
16377
16384
16389
16391
16389
16383
16386
16386
16371
16383
16379
16374
16397
16357
16366
16392
16361
16364
16390
16373
16355
16406
16366
16369
16397
16361
16362
16356
0
0
0
0
0
0
0
0
0
0
0
0
0
0
0
0
0
0
0
0
0
0
0
0
0
0
0
0
0
10000
12
10000
3449904042
10000
16060
16078
16077
16054
16069
16067
16060
16071
16070
16057
16070
16068
16059
16075
16067
16058
16068
16055
16071
16068
16075
16062
16069
16068
16066
16068
16044
16049
16059
16065
16062
0
0
0
0
0
0
0
0
0
0
0
0
0
0
0
0
0
0
0
0
0
0
0
0
0
0
0
0
0
10000
11
10000
3452358247
10000
16409
16366
16361
16399
16354
16345
16399
16353
16362
16383
16371
16368
16395
16359
16366
16395
16362
16375
16384
16380
16389
16385
16379
16384
16380
16388
16384
16379
16375
16371
16378
0
0
0
0
0
0
0
0
0
0
0
0
0
0
0
0
0
0
0
0
0
0
0
0
0
0
0
0
0
10000
12
10000
3453093283
10000
16064
16047
16067
16050
16048
16064
16041
16047
16054
16053
16046
16058
16048
16061
16068
16058
16077
16066
16064
16057
16062
16063
16067
16070
16070
16059
16058
16065
16057
16059
16065
0
0
0
0
0
0
0
0
0
0
0
0
0
0
0
0
0
0
0
0
0
0
0
0
0
0
0
0
0
10000
11
10000
3455547516
10000
16380
16390
16385
16367
16399
16403
16356
16408
16413
16360
16400
16394
16379
16392
16389
16372
16383
16386
16363
16401
16397
16367
16396
16406
16371
16399
16407
16360
16405
16419
16404
0
0
0
0
0
0
0
0
0
0
0
0
0
0
0
0
0
0
0
0
0
0
0
0
0
0
0
0
0
10000
12
10000
3456280984
10000
16068
16057
16059
16065
16055
16069
16062
16075
16072
16081
16044
16059
16064
16048
16067
16059
16042
16074
16062
16063
16075
16061
16066
16065
16080
16060
16063
16054
16081
16068
16066
0
0
0
0
0
0
0
0
0
0
0
0
0
0
0
0
0
0
0
0
0
0
0
0
0
0
0
0
0
10000
11
10000
3458736858
10000
16356
16404
16401
16363
16403
16390
16359
16398
16395
16375
16395
16380
16371
16381
16381
16386
16375
16382
16387
16373
16376
16387
16369
16379
16382
16368
16369
16389
16368
16375
16369
0
0
0
0
0
0
0
0
0
0
0
0
0
0
0
0
0
0
0
0
0
0
0
0
0
0
0
0
0
10000
12
10000
3459469364
10000
16073
16071
16056
16062
16069
16057
16077
16082
16071
16080
16090
16072
16098
16065
16082
16081
16077
16075
16071
16070
16081
16095
16074
16091
16096
16093
16102
16102
16088
16092
16093
0
0
0
0
0
0
0
0
0
0
0
0
0
0
0
0
0
0
0
0
0
0
0
0
0
0
0
0
0
10000
11
10000
3461925341
10000
16398
16399
16358
16397
16349
16357
16402
16362
16370
16401
16363
16365
16410
16373
16363
16389
16364
16370
16396
16369
16364
16396
16372
16366
16399
16370
16378
16401
16363
16370
16364
0
0
0
0
0
0
0
0
0
0
0
0
0
0
0
0
0
0
0
0
0
0
0
0
0
0
0
0
0
10000
12
10000
3462658810
10000
16079
16080
16078
16093
16073
16086
16080
16089
16078
16074
16081
16067
16067
16077
16082
16072
16062
16062
16066
16078
16084
16063
16083
16076
16075
16062
16085
16084
16080
16090
16090
0
0
0
0
0
0
0
0
0
0
0
0
0
0
0
0
0
0
0
0
0
0
0
0
0
0
0
0
0
10000
11
10000
3465113697
10000
16394
16386
16383
16379
16377
16374
16380
16379
16375
16383
16388
16381
16377
16393
16396
16369
16393
16397
16368
16389
16388
16372
16398
16388
16368
16401
16398
16374
16397
16394
16405
0
0
0
0
0
0
0
0
0
0
0
0
0
0
0
0
0
0
0
0
0
0
0
0
0
0
0
0
0
10000
12
10000
3465846219
10000
16086
16090
16087
16086
16088
16080
16075
16083
16083
16060
16067
16065
16072
16066
16065
16070
16076
16069
16076
16090
16057
16072
16070
16068
16055
16066
16066
16055
16062
16083
16074
0
0
0
0
0
0
0
0
0
0
0
0
0
0
0
0
0
0
0
0
0
0
0
0
0
0
0
0
0
10000
11
10000
3468300226
10000
16361
16358
16396
16362
16351
16401
16353
16406
16399
16364
16394
16391
16373
16398
16402
16367
16396
16384
16362
16397
16393
16370
16393
16389
16374
16372
16376
16380
16377
16375
16374
0
0
0
0
0
0
0
0
0
0
0
0
0
0
0
0
0
0
0
0
0
0
0
0
0
0
0
0
0
10000
12
10000
3469033666
10000
16072
16072
16067
16071
16072
16072
16062
16058
16060
16057
16055
16063
16058
16044
16063
16065
16070
16062
16060
16058
16050
16073
16079
16063
16063
16074
16070
16057
16061
16055
16060
0
0
0
0
0
0
0
0
0
0
0
0
0
0
0
0
0
0
0
0
0
0
0
0
0
0
0
0
0
10000
11
10000
3471489452
10000
16391
16362
16371
16394
16376
16366
16399
16366
16365
16398
16368
16366
16391
16370
16365
16392
16376
16362
16402
16364
16355
16395
16361
16367
16399
16352
16362
16407
16364
16368
16360
0
0
0
0
0
0
0
0
0
0
0
0
0
0
0
0
0
0
0
0
0
0
0
0
0
0
0
0
0
10000
12
10000
3472222863
10000
16077
16065
16066
16064
16074
16069
16066
16061
16077
16067
16052
16064
16084
16071
16079
16086
16067
16087
16081
16079
16089
16090
16081
16073
16083
16077
16078
16068
16072
16069
16070
0
0
0
0
0
0
0
0
0
0
0
0
0
0
0
0
0
0
0
0
0
0
0
0
0
0
0
0
0
10000
11
10000
3474677809
10000
16407
16385
16366
16398
16363
16373
16382
16372
16382
16391
16373
16375
16388
16381
16377
16390
16384
16383
16378
16387
16397
16367
16388
16394
16365
16386
16399
16369
16403
16405
16399
0
0
0
0
0
0
0
0
0
0
0
0
0
0
0
0
0
0
0
0
0
0
0
0
0
0
0
0
0
10000
12
10000
3475411247
10000
16084
16082
16063
16059
16058
16062
16059
16076
16063
16057
16055
16070
16084
16065
16060
16064
16060
16061
16056
16065
16059
16048
16049
16055
16068
16075
16082
16067
16074
16082
16084
0
0
0
0
0
0
0
0
0
0
0
0
0
0
0
0
0
0
0
0
0
0
0
0
0
0
0
0
0
10000
11
10000
3479847896
10000
16362
16363
16401
16367
16368
16400
16365
16403
16400
16358
16389
16388
16349
16396
16387
16367
16400
16385
16370
16388
16388
16373
16390
16401
16365
16385
16383
16377
16392
16377
16380
16386
16384
16386
16379
16383
16379
16384
16386
16376
16387
16372
16370
16398
16372
16372
16393
16367
16377
16385
0
0
0
0
0
0
0
0
0
0
10000
12
10000
3480581385
10000
16072
16078
16076
16063
16074
16078
16060
16063
16082
16072
16078
16083
16073
16073
16070
16068
16069
16070
16081
16064
16065
16070
16068
16063
16064
16072
16071
16081
16076
16079
16060
16068
16069
16054
16065
16070
16065
16060
16065
16067
16063
16069
16064
16072
16073
16064
16057
16066
16076
16069
0
0
0
0
0
0
0
0
0
0
10000
11
10000
3483038252
10000
16362
16370
16386
16375
16360
16404
16357
16361
16401
16369
16367
16393
16366
16372
16406
16365
16373
16387
16364
16373
16403
16363
16360
16404
16363
16357
16432
16347
16365
16400
16372
16379
0
0
0
0
0
0
0
0
0
0
0
0
0
0
0
0
0
0
0
0
0
0
0
0
0
0
0
0
10000
12
10000
3483772737
10000
16062
16067
16060
16081
16061
16073
16070
16075
16059
16066
16057
16070
16062
16057
16071
16072
16055
16063
16058
16082
16068
16055
16082
16060
16068
16067
16065
16068
16053
16061
16071
16063
0
0
0
0
0
0
0
0
0
0
0
0
0
0
0
0
0
0
0
0
0
0
0
0
0
0
0
0
10000
11
10000
3486229724
10000
16382
16384
16377
16387
16384
16378
16390
16366
16396
16360
16366
16389
16378
16373
16387
16366
16361
16390
16364
16376
16393
16379
16374
16394
16371
16370
16390
16365
16375
16383
16402
0
0
0
0
0
0
0
0
0
0
0
0
0
0
0
0
0
0
0
0
0
0
0
0
0
0
0
0
0
10000
12
10000
3486963223
10000
16056
16058
16052
16053
16053
16059
16073
16062
16059
16048
16061
16052
16041
16045
16036
16054
16046
16052
16052
16061
16052
16050
16058
16053
16055
16052
16044
16045
16055
16061
16048
0
0
0
0
0
0
0
0
0
0
0
0
0
0
0
0
0
0
0
0
0
0
0
0
0
0
0
0
0
10000
11
10000
3489418152
10000
16356
16366
16393
16359
16366
16387
16370
16360
16395
16370
16370
16384
16378
16371
16380
16379
16379
16379
16378
16379
16371
16385
16371
16377
16364
16370
16377
16380
16384
16372
16364
0
0
0
0
0
0
0
0
0
0
0
0
0
0
0
0
0
0
0
0
0
0
0
0
0
0
0
0
0
10000
12
10000
3490151613
10000
16053
16072
16071
16061
16059
16053
16055
16057
16065
16063
16066
16070
16060
16061
16061
16046
16071
16049
16059
16054
16058
16050
16049
16073
16053
16072
16074
16066
16066
16076
16052
0
0
0
0
0
0
0
0
0
0
0
0
0
0
0
0
0
0
0
0
0
0
0
0
0
0
0
0
0
10000
11
10000
3492606475
10000
16397
16396
16371
16398
16389
16385
16387
16386
16375
16393
16392
16371
16398
16393
16376
16397
16398
16360
16404
16399
16367
16381
16380
16365
16391
16385
16367
16392
16385
16376
16370
0
0
0
0
0
0
0
0
0
0
0
0
0
0
0
0
0
0
0
0
0
0
0
0
0
0
0
