10000
11
10000
2439068970
10000
16391
16391
16358
16390
16399
16361
16394
16392
16364
16388
16381
16375
16380
16390
16362
16390
16387
16367
16391
16383
16365
16388
16402
16369
16400
16395
16373
16384
16381
16366
16371
0
0
0
0
0
0
0
0
0
0
0
0
0
0
0
0
0
0
0
0
0
0
0
0
0
0
0
0
0
10000
12
10000
2439801997
10000
16062
16056
16066
16068
16069
16065
16061
16061
16063
16062
16062
16065
16055
16078
16071
16072
16060
16060
16074
16068
16077
16068
16060
16069
16049
16054
16047
16078
16059
16078
16087
0
0
0
0
0
0
0
0
0
0
0
0
0
0
0
0
0
0
0
0
0
0
0
0
0
0
0
0
0
10000
11
10000
2442256831
10000
16387
16396
16377
16388
16385
16380
16375
16367
16395
16363
16360
16371
16377
16368
16388
16371
16363
16399
16361
16365
16384
16361
16372
16384
16365
16366
16395
16376
16369
16402
16379
0
0
0
0
0
0
0
0
0
0
0
0
0
0
0
0
0
0
0
0
0
0
0
0
0
0
0
0
0
10000
12
10000
2442990972
10000
16082
16051
16078
16075
16070
16063
16063
16076
16076
16066
16054
16053
16055
16056
16067
16064
16052
16059
16070
16063
16072
16066
16061
16067
16066
16056
16054
16070
16074
16062
16050
0
0
0
0
0
0
0
0
0
0
0
0
0
0
0
0
0
0
0
0
0
0
0
0
0
0
0
0
0
10000
11
10000
2445443883
10000
16363
16365
16379
16373
16374
16384
16378
16366
16394
16360
16378
16376
16372
16385
16383
16369
16370
16385
16374
16369
16391
16388
16385
16390
16365
16387
16365
16375
16381
16371
16371
0
0
0
0
0
0
0
0
0
0
0
0
0
0
0
0
0
0
0
0
0
0
0
0
0
0
0
0
0
10000
12
10000
2446176886
10000
16054
16040
16048
16056
16028
16052
16053
16053
16062
16067
16041
16069
16063
16061
16067
16069
16071
16071
16065
16053
16065
16074
16073
16049
16050
16068
16063
16062
16072
16070
16070
0
0
0
0
0
0
0
0
0
0
0
0
0
0
0
0
0
0
0
0
0
0
0
0
0
0
0
0
0
10000
11
10000
2448631677
10000
16396
16397
16368
16382
16387
16377
16400
16374
16381
16388
16369
16381
16379
16399
16379
16395
16391
16364
16395
16391
16358
16394
16403
16353
16399
16391
16376
16389
16383
16371
16373
0
0
0
0
0
0
0
0
0
0
0
0
0
0
0
0
0
0
0
0
0
0
0
0
0
0
0
0
0
10000
12
10000
2449364715
10000
16063
16057
16058
16068
16087
16066
16060
16047
16050
16070
16057
16065
16069
16060
16066
16060
16075
16078
16066
16077
16065
16066
16076
16065
16070
16074
16068
16068
16072
16068
16062
0
0
0
0
0
0
0
0
0
0
0
0
0
0
0
0
0
0
0
0
0
0
0
0
0
0
0
0
0
10000
11
10000
2451820697
10000
16374
16382
16380
16374
16372
16368
16372
16372
16370
16365
16377
16387
16373
16365
16380
16383
16379
16389
16372
16374
16375
16377
16367
16391
16379
16366
16393
16370
16372
16385
16386
0
0
0
0
0
0
0
0
0
0
0
0
0
0
0
0
0
0
0
0
0
0
0
0
0
0
0
0
0
10000
12
10000
2452553758
10000
16073
16078
16067
16062
16069
16063
16064
16071
16076
16056
16075
16079
16080
16062
16053
16071
16054
16063
16062
16060
16068
16060
16056
16063
16061
16070
16067
16089
16069
16079
16082
0
0
0
0
0
0
0
0
0
0
0
0
0
0
0
0
0
0
0
0
0
0
0
0
0
0
0
0
0
10000
11
10000
2455007480
10000
16391
16362
16377
16378
16376
16394
16372
16374
16397
16365
16379
16382
16381
16375
16370
16380
16363
16387
16377
16376
16382
16370
16384
16368
16374
16375
16387
16368
16366
16389
16381
0
0
0
0
0
0
0
0
0
0
0
0
0
0
0
0
0
0
0
0
0
0
0
0
0
0
0
0
0
10000
12
10000
2455740501
10000
16058
16065
16077
16066
16083
16066
16057
16075
16068
16066
16084
16068
16066
16074
16053
16054
16074
16052
16057
16067
16065
16072
16051
16064
16073
16061
16073
16075
16052
16062
16064
0
0
0
0
0
0
0
0
0
0
0
0
0
0
0
0
0
0
0
0
0
0
0
0
0
0
0
0
0
10000
11
10000
2458194281
10000
16400
16372
16376
16387
16385
16380
16379
16386
16382
16395
16386
16367
16390
16383
16372
16387
16404
16381
16374
16391
16373
16396
16382
16381
16386
16389
16372
16388
16384
16377
16388
0
0
0
0
0
0
0
0
0
0
0
0
0
0
0
0
0
0
0
0
0
0
0
0
0
0
0
0
0
10000
12
10000
2458927389
10000
16070
16061
16055
16072
16062
16075
16069
16067
16077
16062
16076
16067
16062
16068
16049
16063
16063
16062
16060
16062
16056
16053
16061
16055
16071
16059
16057
16078
16063
16061
16061
0
0
0
0
0
0
0
0
0
0
0
0
0
0
0
0
0
0
0
0
0
0
0
0
0
0
0
0
0
10000
11
10000
2462366467
10000
16385
16377
16378
16375
16382
16376
16390
16383
16362
16378
16391
16370
16382
16375
16380
16380
16375
16378
16375
16377
16383
16381
16366
16377
16371
16372
16374
16373
16370
16385
16365
16381
16380
16390
16368
16378
16373
16372
16385
16384
16375
0
0
0
0
0
0
0
0
0
0
0
0
0
0
0
0
0
0
0
10000
12
10000
2463099557
10000
16069
16061
16075
16075
16060
16062
16071
16071
16058
16079
16074
16064
16068
16068
16068
16057
16076
16063
16074
16071
16062
16068
16081
16068
16061
16070
16066
16044
16075
16068
16070
16077
16067
16061
16072
16062
16088
16079
16075
16069
16072
0
0
0
0
0
0
0
0
0
0
0
0
0
0
0
0
0
0
0
10000
11
10000
2465555245
10000
16375
16376
16371
16369
16383
16381
16386
16385
16369
16398
16387
16369
16376
16377
16384
16374
16384
16377
16383
16372
16369
16377
16368
16383
16379
16382
16381
16368
16387
16382
16382
0
0
0
0
0
0
0
0
0
0
0
0
0
0
0
0
0
0
0
0
0
0
0
0
0
0
0
0
0
10000
12
10000
2466288384
10000
16067
16076
16083
16086
16058
16078
16086
16089
16060
16073
16078
16066
16068
16053
16060
16066
16048
16065
16081
16068
16076
16092
16065
16078
16068
16071
16064
16076
16080
16071
16072
0
0
0
0
0
0
0
0
0
0
0
0
0
0
0
0
0
0
0
0
0
0
0
0
0
0
0
0
0
10000
11
10000
2468744175
10000
16389
16387
16372
16385
16386
16395
16374
16367
16382
16371
16389
16361
16399
16380
16374
16376
16375
16393
16371
16370
16390
16373
16368
16383
16376
16392
16379
16377
16375
16373
16365
0
0
0
0
0
0
0
0
0
0
0
0
0
0
0
0
0
0
0
0
0
0
0
0
0
0
0
0
0
10000
12
10000
2469477268
10000
16083
16084
16071
16066
16077
16071
16065
16084
16059
16064
16068
16028
16055
16069
16051
16069
16084
16058
16062
16076
16074
16062
16081
16060
16060
16065
16058
16062
16072
16065
16073
0
0
0
0
0
0
0
0
0
0
0
0
0
0
0
0
0
0
0
0
0
0
0
0
0
0
0
0
0
10000
11
10000
2471933029
10000
16377
16369
16374
16378
16371
16388
16372
16381
16378
16387
16379
16374
16368
16377
16380
16379
16385
16376
16391
16363
16386
16378
16384
16373
16378
16349
16386
16385
16396
16347
16364
0
0
0
0
0
0
0
0
0
0
0
0
0
0
0
0
0
0
0
0
0
0
0
0
0
0
0
0
0
10000
12
10000
2472667176
10000
16071
16074
16071
16054
16066
16071
16055
16071
16085
16047
16074
16086
16066
16063
16089
16058
16066
16070
16093
16088
16081
16058
16074
16079
16069
16071
16080
16082
16070
16080
16072
0
0
0
0
0
0
0
0
0
0
0
0
0
0
0
0
0
0
0
0
0
0
0
0
0
0
0
0
0
10000
11
10000
2475120970
10000
16358
16399
16364
16373
16387
16376
16395
16384
16384
16374
16372
16383
16389
16376
16374
16379
16374
16372
16378
16374
16388
16377
16382
16376
16378
16379
16377
16367
16379
16375
16371
0
0
0
0
0
0
0
0
0
0
0
0
0
0
0
0
0
0
0
0
0
0
0
0
0
0
0
0
0
10000
12
10000
2475855079
10000
16090
16078
16080
16089
16080
16070
16069
16061
16082
16078
16058
16074
16066
16065
16063
16071
16054
16082
16070
16065
16072
16069
16057
16060
16066
16069
16068
16053
16071
16083
16061
0
0
0
0
0
0
0
0
0
0
0
0
0
0
0
0
0
0
0
0
0
0
0
0
0
0
0
0
0
10000
11
10000
2478308763
10000
16375
16366
16381
16378
16374
16386
16379
16379
16377
16363
16367
16382
16372
16377
16385
16386
16375
16374
16379
16370
16386
16364
16376
16383
16375
16369
16381
16385
16381
16370
16375
0
0
0
0
0
0
0
0
0
0
0
0
0
0
0
0
0
0
0
0
0
0
0
0
0
0
0
0
0
10000
12
10000
2480038318
10000
16079
16079
16054
16076
16075
16062
16072
16075
16049
16089
16070
16073
16076
16059
16073
16081
16075
16064
16087
16060
16068
16070
16057
16074
16062
16069
16075
16067
16073
16077
16065
16061
16059
16067
16066
16071
16069
16085
16053
16056
16067
0
0
0
0
0
0
0
0
0
0
0
0
0
0
0
0
0
0
0
10000
11
10000
2484464876
10000
16380
16384
16382
16384
16370
16376
16371
16380
16376
16375
16370
16383
16376
16393
16371
16381
16384
16379
16398
16380
16383
16388
16376
16375
16387
16380
16367
16384
16380
16371
16394
16388
16362
16390
16380
16377
16391
16385
16378
16375
16374
16386
16346
16358
16389
16381
16380
16378
16378
16401
16357
16400
16395
16381
16393
16396
16362
16374
16372
16382
10000
12
10000
2486183421
10000
16058
16043
16068
16068
16058
16061
16061
16051
16063
16043
16043
16063
16054
16056
16061
16052
16058
16046
16055
16036
16049
16036
16047
16028
16077
16036
16012
16045
16012
16033
16059
16030
16025
16048
16033
16034
16035
16051
16071
16052
16040
16059
16051
16049
16061
16053
16045
16041
16050
16050
16055
16054
16059
16052
16049
16051
16063
16047
16067
16068
10000
11
10000
2492591862
10000
16384
16389
16369
16387
16387
16369
16385
16377
16373
16386
16379
16375
16373
16382
16377
16375
16387
16378
16388
16381
16377
16380
16381
16386
16368
16381
16384
16376
16358
16387
16366
16380
16377
16369
16378
16391
16368
16368
16391
16368
16370
16379
16369
16369
16386
16372
16372
16396
16379
16363
16390
16374
16379
16379
16376
16377
16370
16378
16375
16376
10000
12
10000
2495295911
10000
16063
16069
16060
16052
16073
16059
16063
16069
16062
16066
16055
16046
16051
16056
16062
16070
16062
16091
16073
16083
16097
16092
16090
16085
16068
16093
16075
16069
16074
16064
16062
16058
16072
16042
16056
16055
16037
16058
16047
16064
16071
16063
16062
16046
16059
16048
16075
16074
16063
16063
16072
16078
16078
16083
16096
16092
16097
16105
16081
16082
10000
11
10000
2501693216
10000
16366
16386
16361
16367
16380
16374
16366
16385
16370
16375
16392
16364
16373
16389
16358
16365
16378
16357
16369
16389
16377
16382
16381
16382
16369
16375
16359
16384
16374
16386
16380
16369
16382
16384
16370
16373
16388
16375
16385
16373
16372
16388
16403
16360
16385
16384
16364
16402
16383
16365
16390
16379
16364
16376
16397
16364
16379
16378
16367
16383
10000
12
10000
2503411868
10000
16020
16015
16033
16033
16028
16050
16039
16023
16039
16035
16038
16036
16021
16043
16046
16048
16049
16054
16036
16047
16043
16045
16052
16045
16033
16050
16050
16057
16039
16050
16071
16047
16060
16062
16076
16068
16077
16051
16075
16060
16050
16075
16069
16049
16076
16039
16054
16086
16059
16058
16084
16062
16059
16073
16077
16064
16050
16060
16065
16074
10000
11
10000
2507836238
10000
16392
16363
16393
16379
16371
16392
16389
16363
16395
16400
16376
16376
16392
16377
16374
16380
16377
16396
16387
16379
16380
16383
16387
16381
16377
16378
16377
16371
16380
16365
16363
16382
16369
16361
16395
16375
16369
16389
16369
16363
16389
16362
16364
16388
16362
16366
16381
16366
16354
16406
16403
16364
16402
16381
16373
16375
16378
16390
16382
16394
10000
12
10000
2509556049
10000
16072
16084
16067
16057
16104
16073
16076
16079
16062
16082
16075
16070
16072
16073
16066
16090
16066
16077
16076
16077
16081
16083
16078
16095
16081
16073
16069
16074
16095
16061
16072
16090
16082
16073
16082
16089
16067
16075
16078
16053
16071
16066
16066
16085
16075
16073
16076
16077
16076
16083
16076
16079
16069
16081
16072
16085
16076
16073
16070
16074
10000
11
10000
2513984028
10000
16386
16379
16392
16395
16368
16373
16385
16381
16378
16383
16375
16382
16372
16387
16377
16363
16401
16379
16361
16376
16370
16374
16387
16362
16352
16397
16367
16364
16385
16371
16360
16395
16359
16369
16404
16352
16360
16383
16374
16363
16395
16372
16372
16402
16368
16359
16407
16367
16359
16395
16392
16375
16380
16395
16370
16378
16384
16367
16386
16378
10000
12
10000
2515702599
10000
16067
16075
16041
16072
16067
16060
16062
16072
16053
16065
16086
16062
16071
16068
16078
16075
16050
16059
16071
16053
16044
16062
16049
16057
16053
16072
16056
16064
16066
16048
16046
16049
16060
16035
16052
16078
16075
16073
16035
16042
16064
16046
16048
16054
16032
16042
16047
16039
16029
16058
16043
16026
16063
16045
16032
16032
16038
16030
16032
16041
10000
11
10000
2520127889
10000
16385
16372
16372
16378
16380
16372
16365
16395
16372
16364
16384
16365
16365
16388
16366
16363
16404
16363
16358
16391
16361
16358
16406
16354
16355
16390
16374
16363
16400
16367
16354
16391
16358
16355
16387
16353
16363
16384
16355
16365
16386
16364
16374
16370
16368
16362
16386
16373
16378
16385
16387
16380
16389
16373
16375
16389
16376
16387
16369
16375
10000
12
10000
2521846851
10000
16052
16069
16057
16054
16041
16024
16056
16043
16033
16055
16061
16029
16047
16031
16025
16033
16033
16036
16046
16033
16041
16041
16041
16041
16035
16034
16044
16032
16041
16044
16031
16031
16027
16031
16044
16033
16028
16053
16049
16032
16051
16037
16052
16055
16056
16068
16083
16055
16064
16062
16072
16067
16071
16057
16056
16068
16064
16053
16070
16043
10000
11
10000
2527267315
10000
16386
16364
16364
16400
16361
16355
16386
16358
16363
16399
16365
16366
16388
16360
16348
16444
16339
16327
16417
16359
16365
16381
16374
16362
16385
16370
16366
16387
16368
16375
16381
16374
16376
16375
16374
16381
16379
16372
16385
16379
16380
16373
16378
16376
16372
16369
16393
16370
16357
16387
16395
16357
16403
16398
16360
16413
16393
16364
16402
16408
10000
12
10000
2528986097
10000
16062
16069
16084
16066
16061
16070
16053
16064
16068
16056
16053
16073
16057
16060
16077
16056
16073
16070
16079
16075
16073
16076
16075
16067
16073
16070
16082
16083
16060
16063
16077
16073
16086
16074
16066
16072
16074
16054
16071
16066
16072
16088
16078
16079
16077
16081
16062
16078
16077
16066
16064
16053
16050
16048
16058
16074
16058
16060
16070
16076
10000
11
10000
2534565764
10000
16398
16367
16386
16388
16376
16377
16402
16375
16387
16394
16376
16370
16374
16379
16388
16384
16386
16374
16377
16396
16364
16382
16385
16374
16365
16403
16385
16371
16383
16362
16348
16394
16365
16361
16400
16363
16366
16387
16359
16360
16395
16373
16352
16398
16365
16362
16399
16355
16366
16399
16358
16364
16388
16364
16366
16392
16375
16390
16378
16388
10000
12
10000
2536284275
10000
16063
16076
16068
16064
16082
16068
16076
16062
16075
16061
16057
16074
16067
16070
16066
16095
16065
16074
16064
16060
16067
16056
16059
16059
16054
16066
16079
16056
16065
16066
16070
16074
16075
16059
16069
16082
16077
16070
16072
16066
16062
16062
16067
16056
16069
16076
16086
16062
16090
16081
16065
16066
16073
16068
16080
16066
16066
16074
16084
16071
10000
11
10000
2539724276
10000
16374
16388
16375
16374
16381
16386
16384
16371
16386
16382
16369
16375
16383
16371
16390
16383
16383
16382
16391
16368
16394
16402
16358
16389
16396
16360
16403
16412
16352
16407
16406
16365
16406
16399
16347
16394
16399
16355
16404
16397
16355
16401
16397
16350
16397
16396
16371
16380
16390
16376
16378
0
0
0
0
0
0
0
0
0
10000
12
10000
2541455663
10000
16087
16081
16073
16067
16076
16072
16068
16070
16069
16072
16083
16063
16058
16083
16081
16069
16095
16084
16067
16086
16079
16068
16072
16075
16065
16084
16086
16083
16093
16079
16075
16076
16073
16069
16073
16081
16073
16071
16080
16064
16067
16085
16084
16073
16081
16076
16074
16089
16068
16068
16079
0
0
0
0
0
0
0
0
0
10000
11
10000
2545882315
10000
16363
16391
16379
16390
16382
16385
16383
16380
16374
16387
16362
16384
16390
16369
16384
16378
16369
16391
16399
16365
16401
16402
16356
16381
16397
16357
16389
16412
16358
16408
16393
16374
16402
16393
16373
16378
16376
16381
16386
16403
16365
16390
16399
16365
16383
16394
16366
16389
16386
16378
16379
16382
16385
16368
16366
16382
16371
16381
16376
16391
10000
12
10000
2547601265
10000
16072
16072
16067
16083
16064
16076
16094
16067
16070
16094
16080
16058
16058
16077
16070
16045
16090
16054
16074
16059
16075
16064
16071
16071
16071
16070
16069
16052
16073
16073
16060
16094
16083
16070
16076
16069
16076
16090
16076
16078
16089
16062
16081
16069
16071
16046
16080
16065
16068
16064
16068
16081
16081
16079
16062
16081
16076
16067
16066
16069
10000
11
10000
2552027614
10000
16383
16387
16380
16392
16390
16351
16401
16412
16369
16398
16391
16357
16389
16403
16357
16415
16398
16362
16393
16402
16364
16393
16401
16356
16413
16403
16350
16399
16394
16363
16386
16391
16374
16383
16386
16371
16388
16402
16369
16395
16367
16368
16378
16377
16375
16394
16380
16388
16371
16371
16380
16358
16384
16394
16352
16399
16405
16367
16368
16393
10000
12
10000
2553746365
10000
16084
16058
16069
16071
16068
16077
16073
16070
16074
16073
16067
16089
16071
16074
16069
16071
16072
16072
16066
16075
16059
16057
16064
16068
16063
16082
16061
16059
16059
16054
16055
16057
16044
16053
16055
16059
16055
16058
16064
16056
16067
16060
16069
16065
16072
16059
16081
16059
16068
16079
16078
16063
16059
16083
16076
16077
16079
16084
16067
16062
10000
11
10000
2558171712
10000
16392
16362
16388
16399
16356
16401
16395
16360
16402
16393
16359
16395
16402
16350
16414
16396
16354
16393
16396
16361
16383
16402
16368
16393
16388
16364
16383
16389
16357
16401
16389
16369
16388
16388
16377
16386
16392
16371
16370
16374
16389
16369
16367
16374
16377
16371
16385
16367
16373
16386
16359
16371
16389
16360
16352
16400
16354
16360
16358
16407
10000
12
10000
2558905161
10000
16064
16075
16068
16070
16072
16057
16078
16064
16083
16069
16064
16078
16070
16075
16069
16071
16063
16053
16066
16066
16067
16064
16071
16067
16079
16082
16061
16080
16080
16071
16081
16074
16064
16072
16086
16064
16062
16075
16068
16076
16075
16058
16076
16069
16069
16063
16071
16075
16057
16077
0
0
0
0
0
0
0
0
0
0
10000
11
10000
2561359594
10000
16394
16352
16385
16399
16364
16404
16395
16362
16404
16385
16354
16398
16396
16361
16398
16399
16366
16389
16397
16362
16389
16382
16384
16384
16379
16369
16393
16394
16377
16372
16377
0
0
0
0
0
0
0
0
0
0
0
0
0
0
0
0
0
0
0
0
0
0
0
0
0
0
0
0
0
10000
12
10000
2562092971
10000
16062
16075
16054
16054
16042
16048
16056
16057
16073
16066
16057
16062
16073
16068
16073
16080
16065
16069
16071
16068
16072
16076
16065
16069
16068
16059
16061
16067
16061
16063
16078
16070
0
0
0
0
0
0
0
0
0
0
0
0
0
0
0
0
0
0
0
0
0
0
0
0
0
0
0
0
