10000
11
10000
727649995
10000
16384
16342
16373
16376
16335
16381
16381
16331
16371
16382
16344
16380
16370
16339
16386
16383
16336
16386
16384
16349
16363
16383
16353
16369
16364
16355
16356
16364
16352
16356
16365
0
0
0
0
0
0
0
0
0
0
0
0
0
0
0
0
0
0
0
0
0
0
0
0
0
0
0
0
0
10000
12
10000
728382447
10000
16070
16044
16052
16056
16068
16056
16062
16055
16051
16067
16050
16037
16028
16050
16048
16033
16065
16040
16038
16040
16043
16032
16042
16050
16057
16071
16050
16027
16052
16046
16041
0
0
0
0
0
0
0
0
0
0
0
0
0
0
0
0
0
0
0
0
0
0
0
0
0
0
0
0
0
10000
11
10000
730837818
10000
16361
16367
16349
16354
16367
16358
16356
16371
16351
16357
16371
16345
16342
16374
16339
16343
16370
16349
16339
16369
16344
16338
16366
16352
16339
16369
16345
16346
16371
16377
16344
0
0
0
0
0
0
0
0
0
0
0
0
0
0
0
0
0
0
0
0
0
0
0
0
0
0
0
0
0
10000
12
10000
731573837
10000
16049
16060
16051
16066
16056
16049
16053
16044
16060
16038
16059
16054
16058
16044
16064
16047
16062
16056
16052
16037
16057
16049
16049
16047
16038
16061
16065
16040
16054
16053
16054
0
0
0
0
0
0
0
0
0
0
0
0
0
0
0
0
0
0
0
0
0
0
0
0
0
0
0
0
0
10000
11
10000
734027949
10000
16353
16384
16339
16355
16375
16357
16334
16369
16346
16335
16375
16334
16347
16374
16354
16348
16369
16343
16357
16361
16360
16365
16378
16367
16357
16365
16357
16355
16352
16345
16380
0
0
0
0
0
0
0
0
0
0
0
0
0
0
0
0
0
0
0
0
0
0
0
0
0
0
0
0
0
10000
12
10000
734761473
10000
16051
16049
16050
16056
16047
16037
16051
16053
16048
16053
16054
16051
16061
16043
16060
16042
16036
16056
16055
16041
16042
16051
16050
16068
16059
16046
16040
16045
16033
16084
16062
0
0
0
0
0
0
0
0
0
0
0
0
0
0
0
0
0
0
0
0
0
0
0
0
0
0
0
0
0
10000
11
10000
738213198
10000
16365
16358
16378
16380
16337
16373
16385
16325
16373
16390
16341
16390
16366
16356
16379
16381
16336
16386
16404
16321
16400
16398
16310
16397
16375
16338
16377
16376
16335
16344
16377
16385
16341
16382
16369
16344
16370
16368
16352
16355
16347
0
0
0
0
0
0
0
0
0
0
0
0
0
0
0
0
0
0
0
10000
12
10000
738946710
10000
16035
16066
16061
16052
16051
16057
16066
16055
16065
16054
16049
16065
16032
16076
16045
16043
16046
16046
16059
16052
16037
16065
16045
16052
16059
16061
16038
16062
16051
16049
16052
16040
16058
16050
16042
16039
16043
16088
16044
16033
16012
0
0
0
0
0
0
0
0
0
0
0
0
0
0
0
0
0
0
0
10000
11
10000
741401107
10000
16362
16345
16350
16374
16352
16381
16345
16374
16363
16372
16364
16372
16350
16354
16343
16369
16328
16320
16388
16350
16350
16378
16347
16323
16401
16309
16306
16419
16302
16329
16337
0
0
0
0
0
0
0
0
0
0
0
0
0
0
0
0
0
0
0
0
0
0
0
0
0
0
0
0
0
10000
12
10000
742135812
10000
16052
16025
16020
16056
16023
16025
16045
16013
16069
16052
16030
16028
16041
16046
16056
16028
16017
16056
16043
16038
16050
16075
16012
16036
16057
16073
16012
16070
16055
16021
16034
0
0
0
0
0
0
0
0
0
0
0
0
0
0
0
0
0
0
0
0
0
0
0
0
0
0
0
0
0
10000
11
10000
744591153
10000
16395
16345
16372
16352
16359
16362
16358
16314
16351
16386
16327
16335
16387
16323
16349
16344
16374
16367
16363
16356
16367
16363
16367
16342
16371
16339
16344
16373
16358
16366
16374
0
0
0
0
0
0
0
0
0
0
0
0
0
0
0
0
0
0
0
0
0
0
0
0
0
0
0
0
0
10000
12
10000
745324701
10000
16034
16070
16036
16059
16068
16079
16065
16028
16055
16047
16026
16043
16044
16050
16043
16053
16033
16068
16055
16053
16059
16048
16021
16068
16040
16060
16042
16084
16049
16072
16082
0
0
0
0
0
0
0
0
0
0
0
0
0
0
0
0
0
0
0
0
0
0
0
0
0
0
0
0
0
10000
11
10000
747778224
10000
16351
16373
16383
16328
16388
16376
16333
16373
16354
16373
16354
16372
16337
16390
16384
16333
16392
16386
16343
16375
16384
16334
16380
16370
16329
16395
16388
16336
16383
16385
16370
0
0
0
0
0
0
0
0
0
0
0
0
0
0
0
0
0
0
0
0
0
0
0
0
0
0
0
0
0
10000
12
10000
748511819
10000
16058
16056
16070
16021
16074
16047
16041
16050
16054
16048
16043
16036
16020
16057
16050
16041
16059
16010
16033
16026
16051
16041
16051
16000
16002
16016
16027
16014
16051
16044
16044
0
0
0
0
0
0
0
0
0
0
0
0
0
0
0
0
0
0
0
0
0
0
0
0
0
0
0
0
0
10000
11
10000
750965401
10000
16353
16370
16383
16337
16363
16365
16351
16356
16359
16370
16371
16356
16366
16362
16355
16356
16362
16350
16370
16355
16349
16359
16344
16346
16377
16344
16349
16357
16341
16353
16346
0
0
0
0
0
0
0
0
0
0
0
0
0
0
0
0
0
0
0
0
0
0
0
0
0
0
0
0
0
10000
12
10000
751698928
10000
16037
16038
16027
16035
16032
16037
16018
16021
16053
16048
16018
16050
16022
16021
16041
16041
16025
16055
16042
16047
16041
16038
16041
16027
16044
16033
16043
16039
16051
16037
16056
0
0
0
0
0
0
0
0
0
0
0
0
0
0
0
0
0
0
0
0
0
0
0
0
0
0
0
0
0
10000
11
10000
754152474
10000
16376
16354
16341
16374
16348
16352
16380
16344
16358
16369
16339
16343
16376
16348
16341
16359
16352
16343
16371
16353
16351
16366
16344
16352
16373
16356
16337
16369
16351
16352
16354
0
0
0
0
0
0
0
0
0
0
0
0
0
0
0
0
0
0
0
0
0
0
0
0
0
0
0
0
0
10000
12
10000
754884940
10000
16070
16070
16049
16066
16035
16061
16065
16057
16066
16075
16052
16061
16053
16063
16061
16065
16039
16045
16043
16050
16033
16044
16043
16032
16028
16031
16024
16026
16032
16038
16024
0
0
0
0
0
0
0
0
0
0
0
0
0
0
0
0
0
0
0
0
0
0
0
0
0
0
0
0
0
10000
11
10000
757341494
10000
16374
16356
16366
16351
16361
16369
16347
16365
16376
16344
16372
16373
16348
16372
16368
16356
16353
16376
16342
16372
16375
16339
16380
16370
16346
16374
16381
16339
16376
16376
16364
0
0
0
0
0
0
0
0
0
0
0
0
0
0
0
0
0
0
0
0
0
0
0
0
0
0
0
0
0
10000
12
10000
760046946
10000
16037
16025
16019
16023
16012
16025
16046
16026
16036
16033
16033
16017
16052
16037
16038
16033
16049
16039
16042
16022
16029
16017
16030
16018
16041
16032
16025
16024
16026
16035
16033
16046
16034
16046
16034
16029
16012
16038
16022
16022
16032
16045
16036
16035
16048
16054
16033
16038
16048
16042
0
0
0
0
0
0
0
0
0
0
10000
11
10000
764473548
10000
16351
16379
16370
16351
16371
16378
16352
16371
16361
16352
16356
16367
16363
16368
16363
16355
16360
16342
16370
16357
16351
16380
16352
16346
16365
16336
16355
16372
16334
16339
16373
16346
16382
16372
16347
16371
16378
16347
16369
16377
16353
16373
16382
16346
16383
16389
16337
16382
16368
16369
16355
16372
16360
16360
16366
16367
16354
16359
16363
16355
10000
12
10000
766191532
10000
16037
16038
16046
16036
16050
16038
16036
16035
16049
16041
16034
16068
16036
16053
16059
16053
16046
16066
16050
16049
16047
16049
16055
16050
16055
16056
16044
16047
16057
16045
16057
16053
16060
16073
16054
16059
16049
16068
16060
16056
16030
16035
16055
16033
16055
16022
16047
16034
16051
16029
16036
16038
16045
16019
16044
16035
16038
16039
16046
16021
10000
11
10000
770619781
10000
16361
16352
16365
16372
16353
16353
16368
16350
16353
16371
16347
16342
16376
16343
16355
16364
16346
16352
16366
16340
16348
16367
16339
16347
16386
16349
16332
16384
16342
16338
16375
16343
16357
16369
16354
16362
16345
16360
16346
16373
16348
16364
16337
16372
16369
16344
16346
16355
16365
16361
16347
16363
16408
16324
16406
16368
16354
16366
16351
16359
10000
12
10000
772337930
10000
16045
16023
16060
16049
16042
16040
16042
16041
16041
16044
16042
16037
16049
16024
16035
16021
16040
16029
16034
16029
16041
16050
16051
16053
16096
16046
16101
16032
16059
16093
16061
16048
16066
16073
16043
16040
16049
16082
16060
16084
16066
16050
16051
16047
16079
16056
16064
16036
16060
16045
16050
16043
16076
16041
16056
16061
16056
16059
16051
16076
10000
11
10000
776763345
10000
16385
16359
16354
16365
16350
16358
16359
16359
16346
16363
16361
16341
16379
16346
16349
16370
16361
16358
16364
16358
16346
16380
16340
16344
16379
16336
16349
16370
16359
16354
16361
16353
16340
16372
16347
16349
16373
16356
16361
16372
16351
16346
16350
16361
16358
16367
16364
16370
16357
16377
16367
16357
16346
16377
16347
16347
16364
16373
16354
16355
10000
12
10000
778482504
10000
16056
16049
16059
16057
16052
16044
16064
16051
16061
16057
16058
16044
16056
16058
16055
16072
16049
16056
16059
16031
16069
16055
16048
16052
16057
16045
16055
16066
16060
16060
16051
16051
16049
16058
16054
16057
16059
16063
16047
16067
16064
16043
16061
16052
16041
16101
16065
16023
16078
16090
16049
16087
16037
15969
16045
16024
16067
16076
16092
16089
10000
11
10000
782907785
10000
16371
16389
16353
16387
16333
16275
16451
16308
16371
16406
16336
16302
16431
16306
16214
16503
16260
16286
16381
16374
16382
16357
16375
16335
16385
16328
16344
16358
16358
16364
16358
16366
16364
16367
16351
16362
16374
16352
16366
16347
16377
16349
16345
16380
16344
16355
16376
16347
16351
16351
16370
16361
16343
16382
16332
16336
16368
16370
16330
16328
10000
12
10000
784627013
10000
15987
16068
16067
16028
16082
16044
16038
16067
16053
16061
16030
16039
16055
16048
16041
16056
16032
16050
16046
16048
16056
16050
16041
16044
16048
16041
16056
16045
16035
16046
16059
16048
16059
16036
16015
16017
16051
16024
16026
16033
16058
16042
16030
16044
16042
16032
16053
16004
16066
16010
16032
16036
16048
16032
16053
16037
16058
16026
16046
16016
10000
11
10000
790048697
10000
16348
16384
16376
16332
16382
16367
16344
16359
16350
16355
16347
16339
16404
16333
16324
16386
16334
16351
16372
16348
16348
16368
16352
16354
16364
16371
16355
16353
16374
16361
16365
16356
16372
16348
16372
16364
16368
16355
16351
16358
16369
16352
16351
16376
16360
16351
16373
16343
16365
16372
16373
16358
16365
16377
16351
16357
16368
16348
16366
16374
10000
12
10000
792753231
10000
16053
16027
16038
16037
16045
16027
16031
16017
16022
16014
16026
16044
16047
16039
16050
16041
16039
16043
16042
16037
16039
16032
16039
16029
16039
16037
16041
16028
16054
16036
16026
16050
16040
16033
16048
16018
16022
16049
16042
16027
16053
16036
16037
16037
16041
16047
16057
16062
16046
16050
16034
16055
16027
16044
16036
16036
16038
16038
16039
16046
10000
11
10000
799149296
10000
16363
16364
16346
16366
16351
16354
16363
16363
16364
16365
16351
16363
16366
16347
16359
16369
16345
16360
16368
16360
16357
16371
16356
16359
16369
16362
16364
16358
16359
16355
16354
16355
16362
16353
16356
16362
16368
16350
16363
16362
16368
16366
16352
16377
16366
16359
16361
16376
16349
16341
16367
16357
16364
16357
16352
16359
16361
16356
16352
16364
10000
12
10000
801852999
10000
16066
16053
16036
16060
16055
16049
16041
16037
16037
16039
16049
16036
16070
16049
16061
16059
16062
16060
16065
16060
16048
16062
16059
16038
16035
16045
16054
16046
16045
16062
16039
16043
16046
16045
16051
16047
16041
16055
16035
16042
16052
16038
16040
16044
16055
16041
16048
16034
16048
16039
16061
16039
16062
16055
16037
16040
16055
16054
16058
16071
10000
11
10000
806278053
10000
16361
16356
16362
16351
16360
16361
16360
16357
16370
16363
16359
16358
16357
16360
16352
16352
16372
16361
16345
16347
16368
16338
16352
16382
16334
16345
16388
16353
16360
16361
16366
16352
16351
16377
16380
16333
16375
16368
16347
16353
16363
16351
16355
16351
16371
16335
16340
16370
16353
16364
16365
16368
16356
16360
16351
16370
16342
16346
16371
16378
10000
12
10000
807011869
10000
16033
16070
16049
16045
16046
16048
16053
16053
16049
16051
16056
16057
16049
16067
16037
16078
16038
16036
16031
16048
16029
16039
16044
16042
16054
16037
16037
16052
16028
16050
16053
16041
16046
16053
16058
16073
16073
16043
16051
16047
16048
16056
16073
16064
16058
16049
16056
16052
16034
16041
16029
0
0
0
0
0
0
0
0
0
10000
11
10000
810464459
10000
16356
16363
16340
16341
16380
16326
16314
16386
16338
16304
16414
16331
16359
16324
16440
16334
16403
16307
16416
16305
16413
16407
16312
16410
16432
16294
16428
16386
16343
16370
16355
16357
16368
16369
16363
16337
16343
16384
16338
16331
16337
0
0
0
0
0
0
0
0
0
0
0
0
0
0
0
0
0
0
0
10000
12
10000
811197216
10000
16074
16039
16041
16058
16024
16062
15993
16089
16003
15991
16066
16031
16019
16054
16106
16046
16046
16047
16034
16049
16049
16037
16034
16026
16052
16014
16037
16025
16010
16028
16029
16024
16044
16005
16021
16043
16027
16027
16047
16032
16029
0
0
0
0
0
0
0
0
0
0
0
0
0
0
0
0
0
0
0
10000
11
10000
813653447
10000
16410
16328
16340
16376
16344
16368
16357
16373
16381
16341
16396
16402
16323
16385
16388
16338
16380
16366
16360
16384
16339
16376
16343
16349
16360
16362
16346
16354
16357
16358
16354
16362
0
0
0
0
0
0
0
0
0
0
0
0
0
0
0
0
0
0
0
0
0
0
0
0
0
0
0
0
10000
12
10000
814386206
10000
16028
16065
16023
16031
16046
16028
16045
16037
16024
16023
16020
16023
16043
16027
16041
16022
16034
16026
16039
16040
16037
16017
16023
16043
16022
16036
16029
16037
16023
16022
16036
0
0
0
0
0
0
0
0
0
0
0
0
0
0
0
0
0
0
0
0
0
0
0
0
0
0
0
0
0
10000
11
10000
816841089
10000
16364
16366
16360
16349
16367
16365
16354
16362
16369
16355
16360
16365
16375
16340
16361
16354
16370
16352
16360
16378
16349
16351
16371
16358
16360
16365
16355
16358
16359
16365
16353
0
0
0
0
0
0
0
0
0
0
0
0
0
0
0
0
0
0
0
0
0
0
0
0
0
0
0
0
0
10000
12
10000
817575124
10000
16033
16043
16030
16021
16028
16014
16016
16028
16020
16021
16030
16029
16027
16031
16024
16036
16034
16063
16053
16030
16030
16047
16020
16032
16017
15994
16031
16017
15993
16026
16020
0
0
0
0
0
0
0
0
0
0
0
0
0
0
0
0
0
0
0
0
0
0
0
0
0
0
0
0
0
10000
11
10000
820029465
10000
16348
16356
16354
16375
16364
16353
16354
16368
16350
16349
16366
16358
16349
16354
16359
16347
16375
16347
16372
16350
16367
16360
16372
16367
16373
16338
16382
16367
16346
16366
16345
0
0
0
0
0
0
0
0
0
0
0
0
0
0
0
0
0
0
0
0
0
0
0
0
0
0
0
0
0
10000
12
10000
820763616
10000
16031
16001
16030
16017
16013
16021
16008
16038
16026
16020
16009
16031
16030
16024
16015
16026
16039
16015
16026
16038
16030
16048
16021
16041
16068
16034
16044
16059
16051
16036
16060
0
0
0
0
0
0
0
0
0
0
0
0
0
0
0
0
0
0
0
0
0
0
0
0
0
0
0
0
0
10000
11
10000
823217567
10000
16342
16370
16356
16353
16363
16366
16363
16361
16359
16354
16363
16359
16364
16337
16352
16365
16350
16368
16371
16355
16383
16378
16340
16376
16371
16368
16354
16372
16346
16336
16372
0
0
0
0
0
0
0
0
0
0
0
0
0
0
0
0
0
0
0
0
0
0
0
0
0
0
0
0
0
10000
12
10000
823950246
10000
16043
16031
16055
16041
16041
16042
16046
16042
16047
16055
16045
16061
16062
16046
16049
16044
16028
16054
16073
16046
16029
16066
16071
16038
16053
16053
16050
16045
16064
16031
16032
0
0
0
0
0
0
0
0
0
0
0
0
0
0
0
0
0
0
0
0
0
0
0
0
0
0
0
0
0
10000
11
10000
826404649
10000
16336
16384
16340
16348
16373
16358
16369
16336
16374
16364
16365
16361
16352
16373
16342
16335
16386
16328
16333
16383
16346
16324
16390
16347
16352
16362
16356
16381
16359
16367
16366
0
0
0
0
0
0
0
0
0
0
0
0
0
0
0
0
0
0
0
0
0
0
0
0
0
0
0
0
0
10000
12
10000
827137406
10000
16066
16274
16044
16051
16057
16054
16053
16063
16058
16041
16049
16057
16033
16054
16039
16044
16064
16056
16038
16043
16033
16058
16063
16063
16050
16062
16043
16058
16056
16048
16051
0
0
0
0
0
0
0
0
0
0
0
0
0
0
0
0
0
0
0
0
0
0
0
0
0
0
0
0
0
10000
11
10000
829593863
10000
16376
16356
16364
16355
16365
16340
16347
16368
16345
16348
16358
16357
16358
16353
16342
16338
16387
16342
16361
16371
16365
16359
16365
16356
16347
16376
16339
16354
16368
16365
16361
0
0
0
0
0
0
0
0
0
0
0
0
0
0
0
0
0
0
0
0
0
0
0
0
0
0
0
0
0
10000
12
10000
830326608
10000
16052
16060
16041
16054
16055
16059
16065
16065
16049
16071
16058
16061
16048
16035
16047
16035
16039
16050
16033
16023
16069
16048
16050
16055
16034
16046
16059
16036
16061
16059
16041
0
0
0
0
0
0
0
0
0
0
0
0
0
0
0
0
0
0
0
0
0
0
0
0
0
0
0
0
0
10000
11
10000
832782051
10000
16373
16360
16376
16366
16365
16350
16362
16364
16361
16366
16364
16354
16323
16383
16387
16389
16322
16426
16409
16331
16387
16374
16333
16367
16371
16338
16373
16406
16304
16308
16319
0
0
0
0
0
0
0
0
0
0
0
0
0
0
0
0
0
0
0
0
0
0
0
0
0
0
0
0
0
10000
12
10000
833515603
10000
16033
16032
16048
16029
16055
16035
16086
16050
16061
16051
16049
16023
16041
16051
16058
16079
16031
16072
16051
16048
15987
16032
16052
16021
16058
16071
16010
16044
16058
16036
16056
0
0
0
0
0
0
0
0
0
0
0
0
0
0
0
0
0
0
0
0
0
0
0
0
0
0
0
0
0
10000
11
10000
835969010
10000
16390
16350
16362
16324
16388
16340
16380
16352
16367
16363
16340
16370
16399
16337
16368
16371
16331
16378
16378
16361
16365
16355
16366
16359
16365
16360
16350
16367
16369
16372
16337
0
0
0
0
0
0
0
0
0
0
0
0
0
0
0
0
0
0
0
0
0
0
0
0
0
0
0
0
0
10000
12
10000
836702698
10000
16038
16048
16042
16016
16008
16039
16057
16030
16053
16034
16038
16028
16035
16048
16039
16030
16044
16032
16050
16055
16031
16048
16056
16033
16054
16036
16030
16056
16043
16040
16037
0
0
0
0
0
0
0
0
0
0
0
0
0
0
0
0
0
0
0
0
0
0
0
0
0
0
0
0
0
