10000
11
10000
582486737
10000
16350
16352
16369
16356
16351
16363
16352
16344
16369
16339
16341
16368
16348
16345
16366
16350
16339
16384
16351
16345
16373
16347
16345
16375
16340
16334
16387
16334
16342
16376
16380
0
0
0
0
0
0
0
0
0
0
0
0
0
0
0
0
0
0
0
0
0
0
0
0
0
0
0
0
0
10000
12
10000
583219157
10000
16055
16054
16061
16057
16046
16056
16053
16060
16064
16054
16065
16058
16063
16061
16059
16066
16064
16070
16072
16071
16058
16083
16069
16052
16071
16071
16053
16061
16059
16056
16054
0
0
0
0
0
0
0
0
0
0
0
0
0
0
0
0
0
0
0
0
0
0
0
0
0
0
0
0
0
10000
11
10000
585673825
10000
16338
16330
16382
16343
16350
16371
16349
16352
16359
16347
16345
16364
16354
16362
16358
16349
16352
16361
16356
16361
16350
16365
16361
16358
16375
16363
16351
16369
16367
16353
16349
0
0
0
0
0
0
0
0
0
0
0
0
0
0
0
0
0
0
0
0
0
0
0
0
0
0
0
0
0
10000
12
10000
586407911
10000
16060
16060
16058
16063
16060
16052
16039
16047
16041
16053
16057
16045
16045
16047
16051
16047
16056
16057
16054
16064
16066
16065
16068
16065
16064
16053
16050
16053
16056
16065
16052
0
0
0
0
0
0
0
0
0
0
0
0
0
0
0
0
0
0
0
0
0
0
0
0
0
0
0
0
0
10000
11
10000
588863940
10000
16370
16370
16339
16381
16380
16336
16366
16371
16342
16368
16381
16352
16374
16374
16346
16385
16372
16337
16372
16382
16335
16383
16389
16343
16375
16367
16349
16374
16381
16341
16333
0
0
0
0
0
0
0
0
0
0
0
0
0
0
0
0
0
0
0
0
0
0
0
0
0
0
0
0
0
10000
12
10000
589596585
10000
16057
16060
16066
16055
16066
16065
16065
16068
16085
16071
16060
16073
16064
16048
16065
16058
16052
16062
16064
16051
16067
16060
16052
16064
16060
16043
16072
16058
16069
16065
16066
0
0
0
0
0
0
0
0
0
0
0
0
0
0
0
0
0
0
0
0
0
0
0
0
0
0
0
0
0
10000
11
10000
592051321
10000
16384
16368
16358
16366
16361
16349
16364
16358
16357
16350
16348
16367
16358
16355
16362
16344
16333
16381
16344
16345
16385
16338
16351
16382
16336
16337
16414
16295
16315
16391
16392
0
0
0
0
0
0
0
0
0
0
0
0
0
0
0
0
0
0
0
0
0
0
0
0
0
0
0
0
0
10000
12
10000
592784787
10000
16066
16079
16064
16057
16061
16042
16068
16068
16062
16048
16045
16040
16070
16045
16053
16064
16064
16068
16061
16054
16090
16048
16075
16066
16065
16062
16038
16162
16086
16041
16104
0
0
0
0
0
0
0
0
0
0
0
0
0
0
0
0
0
0
0
0
0
0
0
0
0
0
0
0
0
10000
11
10000
595238634
10000
16331
16343
16380
16309
16350
16393
16292
16306
16367
16356
16359
16348
16386
16398
16321
16378
16378
16362
16364
16377
16337
16370
16356
16366
16346
16339
16369
16352
16343
16367
16368
0
0
0
0
0
0
0
0
0
0
0
0
0
0
0
0
0
0
0
0
0
0
0
0
0
0
0
0
0
10000
12
10000
596966728
10000
16032
16091
16048
16047
16056
16061
16049
16076
16068
16053
16050
16065
16060
16068
16053
16071
16073
16059
16061
16069
16057
16054
16074
16056
16074
16067
16064
16072
16065
16078
16065
16059
16073
16070
16058
16072
16064
16059
16067
16059
16052
0
0
0
0
0
0
0
0
0
0
0
0
0
0
0
0
0
0
0
10000
11
10000
601394973
10000
16363
16371
16354
16384
16374
16352
16374
16372
16349
16361
16354
16358
16367
16386
16338
16379
16386
16341
16376
16374
16348
16379
16366
16356
16364
16361
16351
16365
16362
16349
16377
16374
16350
16361
16376
16341
16364
16372
16338
16366
16378
16341
16378
16359
16359
16373
16366
16365
16365
16346
16348
16365
16357
16352
16367
16351
16341
16377
16352
16349
10000
12
10000
603112937
10000
16078
16052
16069
16055
16072
16063
16068
16080
16074
16057
16056
16079
16059
16067
16070
16072
16065
16081
16057
16071
16062
16065
16058
16074
16056
16067
16059
16075
16070
16072
16064
16081
16055
16077
16059
16059
16050
16057
16063
16055
16056
16058
16055
16066
16055
16079
16073
16073
16083
16075
16056
16045
16060
16051
16082
16054
16056
16058
16038
16040
10000
11
10000
607540023
10000
16369
16365
16338
16384
16378
16343
16376
16378
16334
16393
16386
16332
16376
16381
16339
16371
16389
16328
16384
16383
16343
16375
16359
16340
16392
16385
16338
16388
16370
16344
16377
16368
16352
16381
16398
16336
16396
16360
16371
16348
16350
16357
16355
16361
16357
16357
16354
16368
16340
16346
16381
16374
16357
16356
16370
16346
16383
16372
16354
16351
10000
12
10000
610255552
10000
16013
16061
16060
16038
16042
16016
16058
16033
16053
16035
16053
16035
16051
16060
16021
16056
16032
16050
16039
16048
16033
16040
16040
16051
16049
16038
16042
16039
16058
16057
16035
16056
16045
16047
16040
16044
16038
16050
16031
16046
16040
16048
16046
16057
16064
16050
16046
16036
16055
16042
16057
16026
16086
16037
16066
16039
16040
16049
16055
16040
10000
11
10000
616654679
10000
16364
16363
16375
16353
16349
16384
16329
16341
16353
16358
16356
16370
16364
16357
16352
16374
16377
16351
16361
16358
16367
16361
16355
16365
16362
16356
16364
16352
16350
16378
16345
16347
16382
16349
16346
16382
16337
16345
16366
16349
16340
16370
16351
16352
16358
16351
16345
16360
16358
16351
16363
16363
16362
16361
16357
16366
16359
16361
16351
16365
10000
12
10000
619359052
10000
16048
16051
16042
16045
16052
16051
16055
16053
16062
16045
16062
16043
16049
16059
16046
16041
16045
16056
16055
16055
16049
16046
16037
16040
16038
16035
16044
16051
16042
16052
16042
16055
16052
16044
16036
16056
16051
16052
16038
16050
16050
16060
16058
16059
16032
16050
16039
16042
16049
16037
16044
16038
16043
16036
16048
16040
16027
16054
16057
16041
10000
11
10000
625756883
10000
16368
16370
16354
16360
16354
16359
16365
16362
16360
16368
16358
16363
16363
16358
16368
16363
16356
16359
16359
16359
16360
16355
16348
16372
16358
16349
16360
16355
16359
16357
16354
16352
16378
16342
16349
16372
16355
16351
16367
16352
16342
16378
16358
16335
16373
16340
16352
16369
16348
16353
16384
16328
16354
16355
16369
16370
16361
16359
16365
16356
10000
12
10000
628462450
10000
16061
16057
16056
16077
16061
16065
16063
16069
16060
16061
16071
16074
16063
16059
16068
16073
16066
16064
16076
16039
16049
16051
16049
16094
16052
16058
16036
16058
16057
16056
16050
16062
16065
16056
16050
16056
16046
16058
16054
16044
16080
16058
16047
16051
16056
16054
16049
16054
16063
16066
16061
16060
16067
16062
16057
16062
16071
16060
16073
16071
10000
11
10000
632890342
10000
16370
16359
16362
16359
16361
16359
16369
16351
16362
16365
16344
16357
16364
16346
16375
16377
16362
16358
16372
16344
16368
16371
16347
16373
16366
16345
16376
16361
16358
16363
16356
16360
16364
16359
16361
16357
16361
16347
16359
16370
16348
16373
16365
16355
16371
16369
16348
16359
16350
16359
16365
16368
16359
16362
16355
16365
16361
16347
16363
16357
10000
12
10000
634609401
10000
16074
16054
16057
16067
16064
16080
16066
16061
16076
16072
16074
16067
16058
16044
16050
16072
16052
16064
16054
16056
16045
16074
16056
16063
16076
16070
16054
16066
16050
16054
16066
16064
16050
16069
16054
16052
16055
16057
16047
16074
16044
16043
16038
16068
16067
16067
16052
16063
16068
16047
16042
16045
16052
16072
16037
16055
16059
16052
16055
16075
10000
11
10000
639035283
10000
16364
16361
16358
16356
16344
16360
16358
16350
16361
16354
16357
16371
16347
16351
16359
16347
16363
16363
16361
16360
16363
16355
16353
16372
16343
16342
16369
16350
16341
16363
16348
16341
16380
16351
16350
16348
16349
16361
16357
16362
16354
16347
16353
16350
16358
16366
16356
16358
16365
16366
16352
16362
16379
16358
16354
16368
16344
16340
16373
16370
10000
12
10000
640754232
10000
16053
16066
16050
16052
16041
16081
16055
16048
16074
16049
16052
16055
16040
16061
16058
16039
16065
16061
16055
16056
16060
16058
16057
16042
16055
16062
16059
16057
16059
16083
16061
16067
16068
16057
16064
16074
16080
16075
16065
16074
16060
16065
16055
16061
16074
16077
16055
16073
16070
16069
16059
16074
16073
16086
16078
16076
16075
16068
16081
16067
10000
11
10000
643209966
10000
16352
16351
16373
16333
16348
16376
16347
16352
16370
16351
16351
16357
16361
16361
16352
16368
16350
16362
16349
16351
16369
16359
16354
16360
16360
16348
16365
16347
16353
16368
16348
16373
16346
16380
16366
16360
16361
16353
16358
16359
16357
0
0
0
0
0
0
0
0
0
0
0
0
0
0
0
0
0
0
0
10000
12
10000
643942447
10000
16073
16063
16078
16061
16074
16069
16069
16077
16062
16071
16085
16078
16064
16077
16077
16060
16077
16061
16080
16066
16066
16064
16078
16052
16073
16043
16062
16056
16049
16057
16080
0
0
0
0
0
0
0
0
0
0
0
0
0
0
0
0
0
0
0
0
0
0
0
0
0
0
0
0
0
10000
11
10000
646398222
10000
16362
16377
16358
16355
16350
16365
16358
16344
16374
16344
16369
16345
16361
16361
16372
16350
16345
16377
16347
16344
16379
16350
16371
16363
16365
16359
16356
16371
16362
16364
16358
0
0
0
0
0
0
0
0
0
0
0
0
0
0
0
0
0
0
0
0
0
0
0
0
0
0
0
0
0
10000
12
10000
647131855
10000
16056
16045
16064
16064
16036
16071
16058
16067
16084
16066
16059
16062
16057
16029
16065
16058
16067
16058
16044
16045
16046
16071
16045
16053
16048
16048
16042
16059
16070
16036
16054
0
0
0
0
0
0
0
0
0
0
0
0
0
0
0
0
0
0
0
0
0
0
0
0
0
0
0
0
0
10000
11
10000
649585611
10000
16361
16360
16354
16364
16346
16360
16355
16361
16358
16359
16367
16360
16363
16369
16355
16383
16368
16343
16361
16372
16342
16381
16369
16354
16361
16349
16391
16321
16340
16373
16354
0
0
0
0
0
0
0
0
0
0
0
0
0
0
0
0
0
0
0
0
0
0
0
0
0
0
0
0
0
10000
12
10000
650318096
10000
16051
16055
16037
16051
16042
16031
16070
16037
16038
16050
16048
16043
16072
16041
16053
16039
16057
16107
16065
16049
16046
16052
16060
16032
16065
16035
16048
16050
16072
16061
16046
0
0
0
0
0
0
0
0
0
0
0
0
0
0
0
0
0
0
0
0
0
0
0
0
0
0
0
0
0
10000
11
10000
652773069
10000
16369
16397
16344
16366
16349
16369
16381
16367
16338
16394
16367
16354
16381
16363
16355
16390
16378
16326
16382
16386
16335
16376
16372
16346
16362
16366
16369
16346
16340
16385
16382
0
0
0
0
0
0
0
0
0
0
0
0
0
0
0
0
0
0
0
0
0
0
0
0
0
0
0
0
0
10000
12
10000
654504125
10000
16063
16101
16011
16062
16083
16058
16083
16098
16049
16072
16085
16091
16074
16060
16071
16053
16072
16090
16079
16078
16052
16055
16060
16065
16068
16051
16060
16051
16052
16063
16035
16049
16058
16040
16035
16057
16041
16045
16043
16049
16040
0
0
0
0
0
0
0
0
0
0
0
0
0
0
0
0
0
0
0
10000
11
10000
657944795
10000
16345
16370
16355
16378
16360
16376
16367
16349
16377
16340
16355
16359
16355
16358
16362
16356
16361
16355
16372
16379
16363
16357
16363
16362
16357
16361
16352
16371
16381
16340
16370
16367
16363
16348
16343
16367
16341
16351
16372
16351
16361
16363
16349
16343
16369
16366
16353
16355
16371
16372
0
0
0
0
0
0
0
0
0
0
10000
12
10000
658677296
10000
16041
16060
16056
16054
16057
16055
16054
16074
16052
16056
16059
16064
16048
16053
16048
16053
16053
16052
16039
16065
16044
16043
16068
16039
16046
16059
16051
16061
16067
16038
16072
16054
16052
16063
16071
16039
16054
16088
16063
16055
16066
0
0
0
0
0
0
0
0
0
0
0
0
0
0
0
0
0
0
0
10000
11
10000
661132074
10000
16350
16347
16380
16330
16331
16386
16342
16333
16356
16335
16350
16366
16356
16356
16346
16364
16359
16361
16360
16373
16347
16353
16357
16361
16361
16360
16352
16358
16337
16379
16342
16348
0
0
0
0
0
0
0
0
0
0
0
0
0
0
0
0
0
0
0
0
0
0
0
0
0
0
0
0
10000
12
10000
661865589
10000
16046
16064
16047
16054
16051
16029
16048
16058
16039
16066
16040
16048
16066
16043
16037
16052
16036
16026
16049
16052
16043
16058
16042
16048
16066
16049
16072
16040
16057
16060
16055
0
0
0
0
0
0
0
0
0
0
0
0
0
0
0
0
0
0
0
0
0
0
0
0
0
0
0
0
0
10000
11
10000
664321459
10000
16366
16358
16342
16359
16378
16336
16365
16361
16367
16345
16347
16383
16341
16349
16355
16351
16359
16363
16354
16355
16358
16370
16359
16349
16363
16348
16373
16364
16356
16364
16357
0
0
0
0
0
0
0
0
0
0
0
0
0
0
0
0
0
0
0
0
0
0
0
0
0
0
0
0
0
10000
12
10000
665054940
10000
16037
16055
16040
16036
16056
16037
16020
16052
16032
16029
16047
16041
16046
16061
16054
16065
16051
16041
16055
16066
16059
16059
16061
16052
16070
16040
16037
16056
16048
16048
16053
0
0
0
0
0
0
0
0
0
0
0
0
0
0
0
0
0
0
0
0
0
0
0
0
0
0
0
0
0
10000
11
10000
667508872
10000
16356
16362
16355
16362
16368
16355
16369
16380
16352
16360
16365
16364
16360
16359
16363
16360
16377
16364
16359
16367
16356
16356
16369
16348
16356
16359
16359
16360
16364
16355
16360
0
0
0
0
0
0
0
0
0
0
0
0
0
0
0
0
0
0
0
10000
12
10000
670212431
10000
16046
16026
16041
16034
16044
16053
16039
16059
16062
16045
16057
16051
16051
16067
16056
16053
16055
16055
16057
16076
16067
16066
16063
16064
16070
16065
16063
16091
16056
16066
16062
16053
16049
16060
16044
16064
16063
16046
16066
16057
16049
16048
16055
16032
16057
16049
16038
16057
16055
16045
0
0
0
0
0
0
0
0
0
0
10000
12
10000
681583555
10000
16047
16066
16069
16047
16068
16043
16072
16059
16074
16049
16055
16083
16073
16039
16060
16078
16064
16069
16042
16050
16061
16050
16048
16057
16050
16058
16058
16040
16063
16069
16042
16061
16058
16040
16041
16048
16033
16077
16053
16026
16052
16035
15976
16091
16032
16029
16030
15976
16041
16036
16096
16066
16048
16052
16062
16085
16011
16049
16073
16030
10000
12
10000
692954442
10000
16063
16052
16040
16066
16048
16043
16063
16055
16037
16064
16068
16041
16050
16064
16053
16051
16044
16043
16039
16051
16048
16051
16049
16047
16049
16053
16062
16055
16060
16062
16057
16067
16039
16052
16049
16042
16044
16077
16022
16049
16076
16048
16039
16066
16052
16039
16058
16054
16049
16052
16062
16049
16054
16060
16057
16052
16043
16066
16053
16045
10000
12
10000
704325279
10000
16042
16048
16052
16041
16061
16039
16050
16041
16043
16073
16043
16050
16071
16062
16038
16076
16048
16061
16074
16068
16059
16067
16059
16055
16053
16049
16049
16066
16040
16055
16057
16067
16053
16049
16060
16045
16046
16042
16039
16037
16056
16039
16053
16061
16051
16036
16073
16044
16066
16060
16073
16055
16058
16056
16038
16050
16056
16034
16047
16050
10000
11
10000
711708258
10000
16359
16360
16375
16342
16366
16380
16347
16372
16354
16364
16345
16361
16352
16368
16364
16367
16351
16357
16362
16339
16341
16374
16352
16350
16368
16357
16329
16382
16334
16352
16364
16346
16351
16375
16342
16340
16375
16356
16338
16389
16334
16336
16375
16332
16342
16379
16341
16334
16376
16351
16352
16378
16356
16349
16367
16348
16359
16359
16346
16356
10000
12
10000
712441610
10000
16069
16047
16060
16059
16054
16055
16067
16060
16069
16044
16062
16060
16063
16065
16050
16049
16057
16053
16058
16061
16048
16062
16067
16059
16046
16034
16031
16039
16042
16039
16041
16043
16027
16047
16058
16057
16052
16048
16062
16067
16055
16059
16046
16047
16032
16048
16030
16060
16018
16040
16031
16027
16039
16060
16026
16051
16050
16041
16047
16052
10000
11
10000
714895023
10000
16355
16367
16354
16353
16360
16351
16359
16341
16369
16376
16347
16379
16363
16362
16377
16379
16337
16382
16375
16346
16370
16371
16344
16378
16378
16343
16381
16376
16349
16342
16377
0
0
0
0
0
0
0
0
0
0
0
0
0
0
0
0
0
0
0
0
0
0
0
0
0
0
0
0
0
10000
12
10000
715629446
10000
16038
16052
16047
16044
16054
16051
16037
16042
16041
16059
16038
16033
16048
16045
16050
16054
16048
16031
16055
16051
16021
16051
16020
16025
16046
16029
16017
16041
16028
16038
16064
16035
0
0
0
0
0
0
0
0
0
0
0
0
0
0
0
0
0
0
0
0
0
0
0
0
0
0
0
0
10000
11
10000
718084851
10000
16386
16335
16379
16371
16345
16375
16380
16352
16362
16374
16345
16364
16364
16356
16364
16366
16350
16380
16376
16350
16369
16363
16353
16364
16354
16365
16350
16355
16369
16362
16348
0
0
0
0
0
0
0
0
0
0
0
0
0
0
0
0
0
0
0
0
0
0
0
0
0
0
0
0
0
10000
12
10000
718818389
10000
16037
16057
16051
16046
16047
16052
16055
16031
16035
16052
16047
16052
16070
16048
16059
16043
16063
16067
16065
16067
16059
16046
16029
16051
16036
16040
16042
16028
16031
16052
16041
0
0
0
0
0
0
0
0
0
0
0
0
0
0
0
0
0
0
0
0
0
0
0
0
0
0
0
0
0
10000
11
10000
721272541
10000
16357
16368
16363
16355
16365
16356
16350
16370
16340
16349
16378
16341
16337
16383
16334
16331
16362
16342
16334
16385
16333
16342
16388
16337
16335
16371
16342
16344
16370
16379
16350
0
0
0
0
0
0
0
0
0
0
0
0
0
0
0
0
0
0
0
0
0
0
0
0
0
0
0
0
0
10000
12
10000
722005952
10000
16034
16027
16053
16033
16034
16037
16048
16034
16032
16038
16027
16032
16047
16035
16040
16042
16034
16031
16071
16046
16052
16054
16044
16058
16054
16028
16039
16058
16047
16034
16052
0
0
0
0
0
0
0
0
0
0
0
0
0
0
0
0
0
0
0
0
0
0
0
0
0
0
0
0
0
10000
11
10000
724463296
10000
16351
16359
16349
16352
16373
16353
16359
16360
16355
16350
16362
16374
16356
16354
16363
16359
16363
16346
16370
16353
16367
16372
16350
16375
16361
16344
16376
16358
16340
16337
16383
0
0
0
0
0
0
0
0
0
0
0
0
0
0
0
0
0
0
0
0
0
0
0
0
0
0
0
0
0
10000
12
10000
725196697
10000
16036
16042
16031
16037
16040
16049
16040
16042
16039
16031
16050
16043
16046
16034
16034
16057
16051
16040
16051
16069
16039
16052
16050
16045
16047
16074
16047
16054
16049
16048
16049
0
0
0
0
0
0
0
0
0
0
0
0
0
0
0
0
0
0
0
0
0
0
0
0
0
0
0
0
0
