10000
12
10000
3641016099
10000
16455
16477
16442
16431
16456
16454
16447
16451
16442
16466
16468
16454
16484
16472
16450
16469
16477
16455
16455
16453
16472
16474
16472
16480
16463
16470
16478
16457
16476
16484
16471
0
0
0
0
0
0
0
0
0
0
0
0
0
0
0
0
0
0
0
0
0
0
0
0
0
0
0
0
0
10000
11
10000
3643470152
10000
16352
16342
16350
16351
16354
16337
16354
16345
16347
16344
16335
16347
16349
16335
16358
16348
16347
16338
16349
16337
16354
16360
16331
16357
16339
16343
16351
16336
16348
16361
16351
0
0
0
0
0
0
0
0
0
0
0
0
0
0
0
0
0
0
0
0
0
0
0
0
0
0
0
0
0
10000
12
10000
3644203550
10000
16453
16487
16477
16472
16468
16465
16456
16467
16472
16447
16470
16458
16462
16453
16485
16471
16436
16467
16466
16440
16452
16463
16443
16459
16469
16437
16464
16471
16441
16462
16465
0
0
0
0
0
0
0
0
0
0
0
0
0
0
0
0
0
0
0
0
0
0
0
0
0
0
0
0
0
10000
11
10000
3646660537
10000
16340
16340
16358
16362
16338
16357
16347
16327
16344
16359
16354
16337
16354
16339
16351
16353
16342
16357
16341
16347
16353
16362
16348
16347
16353
16341
16338
16347
16350
16350
16346
0
0
0
0
0
0
0
0
0
0
0
0
0
0
0
0
0
0
0
0
0
0
0
0
0
0
0
0
0
10000
12
10000
3647393762
10000
16482
16446
16478
16451
16449
16475
16450
16464
16471
16459
16470
16464
16469
16468
16461
16467
16464
16464
16458
16467
16458
16504
16454
16453
16483
16454
16455
16478
16445
16447
16457
0
0
0
0
0
0
0
0
0
0
0
0
0
0
0
0
0
0
0
0
0
0
0
0
0
0
0
0
0
10000
11
10000
3649847574
10000
16339
16343
16339
16345
16342
16355
16345
16362
16341
16336
16358
16339
16333
16352
16332
16350
16333
16346
16340
16355
16342
16334
16359
16318
16324
16367
16340
16341
16362
16334
16345
0
0
0
0
0
0
0
0
0
0
0
0
0
0
0
0
0
0
0
0
0
0
0
0
0
0
0
0
0
10000
12
10000
3650582235
10000
16486
16459
16460
16480
16463
16462
16472
16465
16467
16474
16457
16454
16471
16458
16485
16472
16473
16454
16447
16462
16463
16445
16469
16441
16455
16478
16438
16444
16462
16454
16468
0
0
0
0
0
0
0
0
0
0
0
0
0
0
0
0
0
0
0
0
0
0
0
0
0
0
0
0
0
10000
11
10000
3653037954
10000
16349
16334
16345
16352
16361
16339
16342
16348
16336
16339
16348
16340
16342
16335
16351
16342
16341
16354
16356
16346
16345
16348
16343
16337
16344
16356
16348
16347
16347
16339
16349
0
0
0
0
0
0
0
0
0
0
0
0
0
0
0
0
0
0
0
0
0
0
0
0
0
0
0
0
0
10000
12
10000
3653770375
10000
16460
16450
16477
16463
16459
16473
16448
16462
16467
16467
16449
16471
16453
16467
16461
16453
16478
16456
16461
16456
16458
16459
16455
16461
16459
16459
16462
16462
16482
16462
16455
0
0
0
0
0
0
0
0
0
0
0
0
0
0
0
0
0
0
0
0
0
0
0
0
0
0
0
0
0
10000
11
10000
3656225174
10000
16357
16339
16354
16343
16347
16345
16339
16349
16353
16345
16336
16345
16355
16332
16345
16354
16327
16358
16358
16348
16341
16342
16341
16349
16365
16346
16339
16351
16322
16328
16360
0
0
0
0
0
0
0
0
0
0
0
0
0
0
0
0
0
0
0
0
0
0
0
0
0
0
0
0
0
10000
12
10000
3656957613
10000
16467
16440
16451
16475
16441
16442
16469
16460
16476
16473
16459
16479
16464
16473
16476
16477
16479
16481
16481
16433
16490
16491
16457
16465
16468
16483
16464
16471
16466
16475
16459
0
0
0
0
0
0
0
0
0
0
0
0
0
0
0
0
0
0
0
0
0
0
0
0
0
0
0
0
0
10000
11
10000
3659411579
10000
16369
16335
16362
16348
16341
16363
16353
16355
16343
16347
16340
16359
16354
16345
16344
16341
16330
16352
16350
16350
16339
16356
16328
16348
16355
16359
16347
16338
16360
16347
16334
0
0
0
0
0
0
0
0
0
0
0
0
0
0
0
0
0
0
0
0
0
0
0
0
0
0
0
0
0
10000
12
10000
3660144979
10000
16476
16487
16455
16467
16484
16456
16489
16479
16452
16483
16489
16447
16469
16468
16475
16477
16477
16459
16483
16469
16460
16478
16456
16469
16480
16448
16454
16477
16454
16477
16493
0
0
0
0
0
0
0
0
0
0
0
0
0
0
0
0
0
0
0
0
0
0
0
0
0
0
0
0
0
10000
11
10000
3662598967
10000
16346
16349
16340
16322
16364
16324
16349
16361
16327
16305
16361
16348
16323
16360
16336
16338
16348
16355
16356
16352
16331
16336
16368
16333
16343
16358
16342
16351
16337
16338
16337
0
0
0
0
0
0
0
0
0
0
0
0
0
0
0
0
0
0
0
0
0
0
0
0
0
0
0
0
0
10000
12
10000
3663332372
10000
16453
16488
16492
16435
16469
16422
16445
16501
16441
16484
16479
16431
16428
16490
16453
16454
16497
16451
16461
16475
16435
16475
16475
16454
16486
16472
16466
16459
16449
16476
16497
0
0
0
0
0
0
0
0
0
0
0
0
0
0
0
0
0
0
0
0
0
0
0
0
0
0
0
0
0
10000
11
10000
3665786393
10000
16336
16352
16339
16343
16347
16344
16351
16353
16344
16339
16338
16353
16362
16331
16345
16338
16350
16345
16352
16339
16367
16363
16339
16337
16335
16345
16351
16352
16329
16340
16363
0
0
0
0
0
0
0
0
0
0
0
0
0
0
0
0
0
0
0
0
0
0
0
0
0
0
0
0
0
10000
12
10000
3667515246
10000
16462
16445
16474
16456
16456
16488
16450
16436
16485
16449
16493
16478
16450
16486
16450
16456
16476
16472
16473
16469
16443
16470
16456
16482
16476
16453
16467
16475
16453
16460
16485
16466
16451
16485
16460
16449
16480
16461
16454
16470
16455
0
0
0
0
0
0
0
0
0
0
0
0
0
0
0
0
0
0
0
10000
11
10000
3671940926
10000
16364
16337
16346
16356
16331
16369
16361
16338
16342
16341
16333
16350
16361
16340
16349
16354
16336
16354
16350
16346
16349
16344
16338
16343
16359
16337
16342
16365
16333
16349
16340
16344
16336
16348
16344
16350
16333
16365
16329
16339
16344
16337
16344
16341
16341
16330
16361
16336
16332
16348
16338
16336
16346
16337
16346
16346
16334
16339
16352
16356
10000
12
10000
3673658922
10000
16469
16477
16467
16461
16465
16470
16463
16452
16487
16494
16454
16478
16463
16452
16488
16458
16459
16488
16464
16461
16462
16454
16453
16482
16456
16460
16473
16457
16444
16465
16453
16489
16474
16461
16479
16463
16471
16472
16456
16465
16471
16456
16488
16453
16455
16480
16450
16487
16475
16443
16471
16461
16448
16466
16464
16448
16459
16471
16433
16464
10000
11
10000
3678085678
10000
16330
16352
16356
16337
16340
16356
16343
16364
16348
16350
16356
16334
16344
16355
16343
16340
16337
16341
16339
16351
16342
16329
16350
16338
16340
16343
16344
16328
16351
16354
16347
16353
16329
16330
16353
16343
16376
16319
16383
16346
16367
16329
16350
16314
16366
16353
16344
16371
16356
16385
16283
16386
16241
16464
16280
16322
16330
16352
16421
16248
10000
12
10000
3679804621
10000
16464
16432
16462
16465
16451
16439
16455
16459
16451
16421
16466
16443
16443
16423
16475
16444
16464
16442
16485
16497
16402
16504
16474
16436
16470
16464
16421
16469
16460
16449
16439
16430
16439
16390
16508
16148
16660
16304
16347
16531
16376
16544
16442
16437
16492
16414
16472
16411
16429
16419
16477
16430
16424
16480
16447
16448
16480
16416
16475
16465
10000
11
10000
3684230035
10000
16295
16382
16350
16338
16339
16353
16351
16342
16357
16350
16335
16343
16340
16358
16332
16336
16358
16342
16337
16345
16342
16333
16348
16348
16338
16340
16330
16350
16348
16353
16356
16343
16366
16361
16322
16378
16365
16325
16350
16361
16326
16370
16369
16338
16365
16386
16292
16390
16358
16355
16336
16353
16367
16345
16363
16351
16337
16344
16333
16347
10000
12
10000
3685947741
10000
16457
16459
16458
16450
16475
16452
16446
16467
16458
16472
16480
16431
16475
16479
16431
16544
16494
16426
16487
16473
16430
16484
16463
16453
16474
16456
16428
16485
16436
16478
16488
16461
16453
16488
16459
16460
16445
16469
16479
16427
16457
16468
16453
16476
16441
16435
16480
16416
16423
16441
16482
16446
16486
16484
16420
16490
16464
16439
16449
16454
10000
11
10000
3691359268
10000
16349
16344
16330
16359
16324
16353
16321
16370
16360
16342
16348
16338
16358
16326
16341
16349
16348
16358
16337
16369
16358
16331
16359
16343
16357
16331
16346
16351
16341
16353
16324
16373
16360
16323
16367
16341
16349
16339
16341
16349
16339
16351
16331
16362
16371
16315
16368
16355
16334
16353
16331
16350
16355
16348
16353
16346
16349
16336
16342
16365
10000
12
10000
3694064821
10000
16419
16483
16426
16440
16463
16436
16440
16467
16458
16457
16471
16450
16448
16487
16457
16470
16441
16471
16428
16441
16475
16436
16435
16483
16420
16428
16477
16438
16442
16479
16413
16432
16484
16429
16481
16468
16440
16474
16474
16460
16463
16454
16466
16480
16453
16486
16446
16444
16471
16487
16450
16446
16508
16443
16429
16502
16431
16530
16493
16497
10000
11
10000
3698489670
10000
16349
16343
16326
16367
16323
16339
16371
16337
16348
16334
16352
16344
16327
16342
16340
16354
16338
16316
16373
16314
16330
16366
16348
16351
16340
16350
16342
16348
16346
16334
16358
16336
16321
16379
16332
16341
16352
16334
16345
16347
16351
16362
16347
16351
16342
16357
16340
16333
16373
16335
16345
16347
16345
16362
16323
16362
16368
16324
16368
16357
10000
12
10000
3700208660
10000
16439
16483
16490
16465
16481
16469
16463
16463
16456
16452
16481
16476
16480
16466
16471
16476
16456
16504
16502
16424
16499
16496
16437
16488
16442
16450
16491
16423
16435
16491
16441
16445
16496
16445
16440
16471
16444
16467
16464
16469
16469
16439
16466
16442
16435
16482
16462
16445
16492
16425
16422
16507
16418
16428
16504
16419
16420
16472
16440
16431
10000
11
10000
3706605308
10000
16352
16342
16365
16341
16345
16342
16343
16352
16332
16367
16364
16330
16359
16352
16351
16355
16340
16349
16325
16335
16360
16327
16341
16361
16343
16345
16345
16342
16352
16346
16353
16342
16354
16337
16330
16362
16326
16333
16364
16326
16335
16353
16323
16328
16352
16346
16338
16342
16353
16348
16344
16345
16343
16331
16355
16332
16341
16364
16340
16339
10000
12
10000
3709308711
10000
16488
16496
16424
16473
16468
16439
16466
16459
16464
16462
16448
16475
16438
16478
16478
16420
16489
16490
16444
16520
16493
16440
16501
16480
16442
16487
16489
16420
16473
16495
16429
16476
16440
16426
16473
16450
16443
16464
16456
16464
16445
16458
16480
16451
16471
16486
16439
16485
16427
16421
10000
11
10000
3711762490
10000
16324
16361
16338
16334
16355
16337
16363
16347
16332
16361
16343
16349
16339
16343
16351
16351
16350
16349
16343
16344
16346
16351
16335
16377
16334
16341
16343
16347
16342
16360
16328
16339
16352
16327
16328
16365
16350
16329
16357
16340
16341
16346
16337
16343
16340
16342
16349
16351
16330
16313
0
0
0
0
0
0
0
0
0
0
10000
12
10000
3712496206
10000
16471
16460
16445
16473
16442
16452
16453
16448
16453
16452
16464
16460
16464
16479
16498
16451
16474
16460
16432
16483
16421
16407
16514
16449
16431
16500
16469
16443
16485
16477
16431
0
0
0
0
0
0
0
0
0
0
0
0
0
0
0
0
0
0
0
0
0
0
0
0
0
0
0
0
0
10000
11
10000
3714950214
10000
16349
16332
16340
16346
16338
16334
16334
16366
16342
16324
16360
16334
16338
16356
16349
16356
16353
16331
16315
16360
16329
16352
16317
16369
16369
16317
16370
16351
16365
16335
16338
16343
0
0
0
0
0
0
0
0
0
0
0
0
0
0
0
0
0
0
0
0
0
0
0
0
0
0
0
0
10000
12
10000
3715683984
10000
16466
16472
16469
16455
16458
16468
16466
16444
16451
16404
16437
16515
16429
16425
16479
16422
16436
16503
16418
16410
16489
16422
16422
16469
16421
16461
16466
16424
16478
16481
16473
0
0
0
0
0
0
0
0
0
0
0
0
0
0
0
0
0
0
0
0
0
0
0
0
0
0
0
0
0
10000
11
10000
3718141201
10000
16356
16360
16335
16365
16363
16327
16365
16372
16341
16347
16345
16347
16337
16356
16331
16359
16364
16327
16377
16370
16326
16374
16345
16344
16337
16335
16349
16344
16340
16342
16351
0
0
0
0
0
0
0
0
0
0
0
0
0
0
0
0
0
0
0
0
0
0
0
0
0
0
0
0
0
10000
12
10000
3719871949
10000
16428
16473
16463
16465
16457
16448
16466
16443
16445
16485
16438
16415
16480
16424
16462
16506
16425
16511
16503
16417
16494
16502
16409
16498
16486
16440
16494
16478
16436
16467
16461
16448
16445
16454
16461
16445
16456
16453
16444
16472
16482
0
0
0
0
0
0
0
0
0
0
0
0
0
0
0
0
0
0
0
10000
11
10000
3723312326
10000
16356
16366
16329
16358
16356
16331
16361
16352
16350
16339
16328
16349
16346
16332
16363
16327
16325
16350
16327
16345
16351
16346
16352
16353
16333
16331
16362
16334
16345
16346
16341
16340
16366
16332
16318
16353
16343
16332
16361
16345
16338
16359
16332
16331
16358
16329
16342
16352
16333
16352
16343
0
0
0
0
0
0
0
0
0
10000
12
10000
3725032323
10000
16482
16419
16492
16505
16404
16489
16429
16417
16486
16423
16411
16488
16417
16420
16488
16436
16444
16474
16454
16457
16462
16472
16456
16452
16481
16453
16433
16480
16437
16415
16498
16437
16416
16498
16426
16408
16508
16425
16498
16497
16479
16444
16488
16448
16451
16485
16428
16445
16474
16435
0
0
0
0
0
0
0
0
0
0
10000
11
10000
3728483437
10000
16347
16344
16341
16347
16348
16351
16363
16345
16343
16337
16345
16362
16352
16349
16329
16337
16344
16338
16333
16355
16339
16336
16358
16338
16339
16367
16323
16332
16357
16332
16322
16355
16341
16328
16365
16328
16343
16344
16338
16341
16364
16361
16324
16350
16371
16327
16352
16345
16345
16363
16355
0
0
0
0
0
0
0
0
0
10000
12
10000
3729216338
10000
16451
16456
16457
16468
16450
16459
16468
16442
16476
16527
16423
16496
16415
16429
16508
16406
16409
16497
16413
16418
16506
16422
16437
16503
16433
16452
16471
16467
16468
16464
16475
16457
16455
16469
16458
16439
16476
16446
16426
16467
16479
0
0
0
0
0
0
0
0
0
0
0
0
0
0
0
0
0
0
0
10000
11
10000
3731672269
10000
16338
16349
16352
16343
16361
16358
16344
16344
16337
16346
16342
16345
16352
16356
16331
16357
16339
16338
16340
16332
16331
16355
16342
16343
16342
16346
16334
16363
16330
16331
16353
0
0
0
0
0
0
0
0
0
0
0
0
0
0
0
0
0
0
0
0
0
0
0
0
0
0
0
0
0
10000
12
10000
3732406017
10000
16422
16388
16504
16410
16499
16494
16415
16496
16490
16419
16507
16488
16433
16464
16479
16448
16453
16456
16472
16464
16460
16461
16434
16466
16478
16444
16471
16487
16435
16487
16504
16431
0
0
0
0
0
0
0
0
0
0
0
0
0
0
0
0
0
0
0
0
0
0
0
0
0
0
0
0
10000
12
10000
3735593692
10000
16421
16502
16417
16464
16513
16417
16504
16500
16445
16496
16489
16454
16498
16475
16453
16477
16476
16480
16461
16455
16491
16449
16486
16486
16444
16489
16502
16430
16495
16494
16504
0
0
0
0
0
0
0
0
0
0
0
0
0
0
0
0
0
0
0
0
0
0
0
0
0
0
0
0
0
10000
11
10000
3738050651
10000
16346
16337
16347
16337
16356
16348
16340
16350
16327
16331
16354
16347
16347
16348
16332
16335
16358
16334
16332
16360
16337
16341
16354
16331
16329
16371
16334
16333
16343
16365
16361
0
0
0
0
0
0
0
0
0
0
0
0
0
0
0
0
0
0
0
0
0
0
0
0
0
0
0
0
0
10000
12
10000
3738784212
10000
16426
16512
16506
16426
16509
16509
16442
16485
16490
16457
16495
16456
16471
16471
16465
16463
16469
16476
16476
16455
16490
16473
16451
16487
16489
16431
16512
16429
16435
16480
16490
0
0
0
0
0
0
0
0
0
0
0
0
0
0
0
0
0
0
0
0
0
0
0
0
0
0
0
0
0
10000
11
10000
3742234308
10000
16338
16356
16366
16331
16364
16360
16329
16361
16339
16338
16341
16347
16358
16357
16338
16332
16350
16339
16349
16349
16351
16335
16337
16355
16342
16343
16360
16346
16345
16346
16345
16327
16349
16355
16332
16373
16352
16349
16358
16354
16363
0
0
0
0
0
0
0
0
0
0
0
0
0
0
0
0
0
0
0
10000
12
10000
3742969073
10000
16440
16422
16485
16423
16420
16487
16439
16444
16479
16436
16451
16462
16468
16470
16450
16470
16478
16429
16476
16440
16438
16495
16425
16434
16481
16426
16418
16492
16413
16431
16507
16411
16420
16494
16428
16468
16474
16438
16475
16472
16471
0
0
0
0
0
0
0
0
0
0
0
0
0
0
0
0
0
0
0
10000
11
10000
3745422953
10000
16330
16359
16357
16334
16348
16348
16353
16356
16352
16344
16342
16360
16336
16356
16359
16331
16359
16357
16332
16345
16356
16347
16346
16338
16341
16350
16345
16340
16342
16344
16359
0
0
0
0
0
0
0
0
0
0
0
0
0
0
0
0
0
0
0
0
0
0
0
0
0
0
0
0
0
10000
12
10000
3746156708
10000
16456
16452
16444
16463
16443
16483
16463
16441
16492
16498
16416
16492
16493
16425
16485
16462
16437
16487
16476
16438
16482
16467
16424
16475
16428
16440
16469
16433
16437
16466
16464
0
0
0
0
0
0
0
0
0
0
0
0
0
0
0
0
0
0
0
0
0
0
0
0
0
0
0
0
0
10000
11
10000
3748612540
10000
16339
16341
16327
16360
16329
16337
16341
16328
16346
16355
16340
16339
16338
16359
16356
16354
16338
16318
16370
16330
16333
16359
16350
16336
16352
16328
16351
16359
16350
16341
16333
0
0
0
0
0
0
0
0
0
0
0
0
0
0
0
0
0
0
0
0
0
0
0
0
0
0
0
0
0
10000
12
10000
3749346231
10000
16464
16449
16444
16464
16469
16449
16463
16472
16441
16511
16511
16418
16521
16428
16436
16481
16430
16430
16493
16431
16447
16485
16441
16441
16479
16447
16444
16471
16453
16452
16416
0
0
0
0
0
0
0
0
0
0
0
0
0
0
0
0
0
0
0
0
0
0
0
0
0
0
0
0
0
10000
11
10000
3751802121
10000
16361
16330
16338
16360
16327
16332
16351
16337
16350
16334
16351
16360
16355
16323
16348
16342
16348
16337
16236
16446
16411
16299
16379
16391
16335
16342
16355
16350
16359
16322
16356
0
0
0
0
0
0
0
0
0
0
0
0
0
0
0
0
0
0
0
0
0
0
0
0
0
0
0
0
0
