10000
12
10000
3083013033
10000
16064
16062
16056
16078
16037
16068
16075
16052
16053
16057
16062
16049
16055
16044
16045
16058
16051
16058
16072
16060
16059
16068
16067
16054
16045
16062
16065
16043
16056
16044
16047
0
0
0
0
0
0
0
0
0
0
0
0
0
0
0
0
0
0
0
0
0
0
0
0
0
0
0
0
0
10000
11
10000
3085468724
10000
16372
16384
16373
16377
16388
16367
16384
16387
16372
16391
16368
16377
16387
16383
16371
16371
16384
16400
16395
16381
16381
16390
16388
16381
16390
16359
16402
16399
16375
16386
16369
0
0
0
0
0
0
0
0
0
0
0
0
0
0
0
0
0
0
0
0
0
0
0
0
0
0
0
0
0
10000
12
10000
3086202795
10000
16057
16060
16053
16071
16072
16070
16060
16070
16054
16072
16073
16063
16072
16062
16063
16078
16086
16059
16072
16059
16059
16060
16064
16078
16070
16086
16079
16079
16081
16073
16084
0
0
0
0
0
0
0
0
0
0
0
0
0
0
0
0
0
0
0
0
0
0
0
0
0
0
0
0
0
10000
11
10000
3088657057
10000
16389
16366
16379
16388
16381
16387
16378
16383
16376
16390
16378
16374
16374
16380
16378
16379
16379
16375
16387
16378
16395
16382
16387
16376
16383
16384
16370
16389
16388
16399
16401
0
0
0
0
0
0
0
0
0
0
0
0
0
0
0
0
0
0
0
0
0
0
0
0
0
0
0
0
0
10000
12
10000
3089390819
10000
16060
16095
16069
16059
16070
16075
16061
16073
16073
16064
16069
16069
16068
16069
16060
16054
16053
16057
16047
16065
16074
16070
16056
16076
16065
16067
16074
16050
16048
16062
16066
0
0
0
0
0
0
0
0
0
0
0
0
0
0
0
0
0
0
0
0
0
0
0
0
0
0
0
0
0
10000
11
10000
3091844484
10000
16378
16395
16401
16360
16394
16394
16372
16377
16400
16370
16382
16366
16364
16387
16393
16378
16384
16383
16374
16393
16370
16364
16388
16375
16358
16403
16348
16356
16399
16410
16399
0
0
0
0
0
0
0
0
0
0
0
0
0
0
0
0
0
0
0
0
0
0
0
0
0
0
0
0
0
10000
12
10000
3092577230
10000
16053
16052
16067
16048
16056
16068
16056
16067
16077
16059
16070
16073
16061
16065
16057
16056
16066
16087
16062
16046
16075
16074
16041
16052
16079
16078
16069
16060
16129
16069
16086
0
0
0
0
0
0
0
0
0
0
0
0
0
0
0
0
0
0
0
0
0
0
0
0
0
0
0
0
0
10000
11
10000
3095030888
10000
16356
16382
16380
16404
16363
16358
16399
16348
16364
16403
16354
16379
16417
16334
16389
16365
16390
16379
16409
16342
16417
16406
16366
16411
16398
16370
16396
16404
16400
16394
16383
0
0
0
0
0
0
0
0
0
0
0
0
0
0
0
0
0
0
0
0
0
0
0
0
0
0
0
0
0
10000
12
10000
3095764525
10000
16029
16048
16068
16080
16063
16065
16047
16083
16060
16084
16056
16075
16072
16057
16074
16079
16067
16079
16071
16070
16089
16021
16094
16072
16090
16052
16112
16076
16050
16057
16048
0
0
0
0
0
0
0
0
0
0
0
0
0
0
0
0
0
0
0
0
0
0
0
0
0
0
0
0
0
10000
11
10000
3098218181
10000
16396
16370
16381
16362
16390
16373
16394
16354
16417
16429
16338
16399
16386
16394
16369
16384
16369
16406
16398
16376
16393
16375
16391
16366
16377
16383
16373
16380
16388
16400
16385
0
0
0
0
0
0
0
0
0
0
0
0
0
0
0
0
0
0
0
0
0
0
0
0
0
0
0
0
0
10000
11
10000
3103678809
10000
16384
16386
16381
16376
16400
16364
16367
16389
16366
16364
16397
16370
16377
16393
16379
16387
16394
16378
16363
16397
16355
16372
16387
16380
16373
16373
16384
16358
16400
16378
16382
16387
16383
16377
16379
16374
16367
16387
16384
16382
16376
16388
16382
16376
16384
16395
16363
16397
16400
16372
16387
16393
16382
0
0
0
0
0
0
0
10000
12
10000
3104411475
10000
16074
16072
16060
16059
16081
16072
16084
16077
16077
16067
16081
16055
16066
16060
16069
16055
16074
16069
16064
16065
16080
16072
16082
16086
16076
16063
16092
16075
16065
16087
16058
16064
16081
16081
16097
16102
16076
16089
16088
16074
16080
16075
16061
16073
16062
16067
16073
16073
16084
16050
16070
16062
16058
0
0
0
0
0
0
0
10000
11
10000
3106865951
10000
16365
16389
16390
16371
16385
16380
16371
16389
16408
16342
16430
16420
16336
16418
16408
16360
16399
16370
16372
16390
16382
16364
16397
16366
16355
16398
16361
16365
16389
16382
16367
16389
0
0
0
0
0
0
0
0
0
0
0
0
0
0
0
0
0
0
0
0
0
0
0
0
0
0
0
0
10000
12
10000
3107599512
10000
16101
16066
16051
16039
16056
16032
16065
16063
16072
16062
16091
16081
16079
16100
16063
16072
16055
16057
16060
16070
16060
16063
16095
16073
16065
16078
16066
16049
16071
16123
16016
16071
0
0
0
0
0
0
0
0
0
0
0
0
0
0
0
0
0
0
0
0
0
0
0
0
0
0
0
0
10000
11
10000
3110052994
10000
16384
16380
16374
16384
16366
16417
16428
16334
16415
16355
16412
16336
16374
16399
16342
16350
16422
16332
16371
16394
16368
16380
16386
16380
16376
16395
16346
16385
16404
16390
16373
0
0
0
0
0
0
0
0
0
0
0
0
0
0
0
0
0
0
0
0
0
0
0
0
0
0
0
0
0
10000
12
10000
3110787619
10000
16107
15937
16085
16071
16084
16044
15994
16098
16086
16020
16086
16071
16066
16064
16092
16041
16025
16054
16085
16052
16068
16084
16073
16063
16071
16075
16059
16070
16080
16085
16054
0
0
0
0
0
0
0
0
0
0
0
0
0
0
0
0
0
0
0
0
0
0
0
0
0
0
0
0
0
10000
11
10000
3113241210
10000
16375
16383
16370
16359
16404
16364
16373
16392
16381
16368
16388
16380
16373
16391
16378
16367
16386
16357
16362
16397
16369
16368
16396
16382
16383
16387
16376
16384
16392
16380
16385
0
0
0
0
0
0
0
0
0
0
0
0
0
0
0
0
0
0
0
0
0
0
0
0
0
0
0
0
0
10000
12
10000
3113975025
10000
16065
16079
16064
16060
16079
16061
16062
16070
16062
16060
16056
16061
16067
16067
16065
16069
16071
16070
16076
16062
16066
16065
16070
16080
16070
16047
16052
16028
16053
16061
16044
0
0
0
0
0
0
0
0
0
0
0
0
0
0
0
0
0
0
0
0
0
0
0
0
0
0
0
0
0
10000
11
10000
3116430574
10000
16386
16383
16383
16385
16380
16381
16392
16369
16390
16388
16369
16405
16391
16382
16397
16397
16354
16396
16398
16365
16391
16395
16366
16391
16381
16371
16396
16388
16361
16361
16396
0
0
0
0
0
0
0
0
0
0
0
0
0
0
0
0
0
0
0
0
0
0
0
0
0
0
0
0
0
10000
12
10000
3117164700
10000
16037
16064
16057
16029
16030
16049
16017
16063
16035
16046
16051
16028
16030
16043
16013
16031
16025
16017
16025
16024
16043
16035
16016
16031
16053
16046
16050
16060
16039
16058
16056
0
0
0
0
0
0
0
0
0
0
0
0
0
0
0
0
0
0
0
0
0
0
0
0
0
0
0
0
0
10000
11
10000
3119621861
10000
16405
16362
16399
16393
16371
16397
16402
16370
16394
16387
16380
16385
16388
16370
16387
16380
16388
16374
16361
16396
16373
16365
16391
16363
16377
16404
16364
16372
16391
16396
16348
0
0
0
0
0
0
0
0
0
0
0
0
0
0
0
0
0
0
0
0
0
0
0
0
0
0
0
0
0
10000
12
10000
3120355608
10000
16059
16054
16077
16077
16058
16048
16044
16046
16056
16038
16039
16062
16052
16048
16050
16058
16053
16047
16051
16063
16057
16054
16051
16044
16042
16044
16044
16069
16043
16048
16037
0
0
0
0
0
0
0
0
0
0
0
0
0
0
0
0
0
0
0
0
0
0
0
0
0
0
0
0
0
10000
11
10000
3122811195
10000
16366
16391
16342
16358
16407
16355
16356
16412
16361
16357
16409
16371
16375
16400
16369
16359
16404
16360
16355
16397
16369
16370
16399
16372
16365
16396
16358
16377
16392
16386
16377
0
0
0
0
0
0
0
0
0
0
0
0
0
0
0
0
0
0
0
0
0
0
0
0
0
0
0
0
0
10000
12
10000
3123544933
10000
16048
16031
16035
16058
16048
16039
16048
16045
16053
16058
16054
16057
16066
16063
16051
16061
16063
16050
16047
16062
16044
16048
16052
16047
16039
16072
16059
16051
16067
16041
16023
0
0
0
0
0
0
0
0
0
0
0
0
0
0
0
0
0
0
0
0
0
0
0
0
0
0
0
0
0
10000
11
10000
3125998411
10000
16378
16396
16379
16375
16387
16385
16386
16380
16383
16386
16373
16394
16395
16367
16400
16404
16369
16396
16402
16357
16398
16410
16363
16409
16398
16361
16396
16398
16373
16356
16395
0
0
0
0
0
0
0
0
0
0
0
0
0
0
0
0
0
0
0
0
0
0
0
0
0
0
0
0
0
10000
12
10000
3126731165
10000
16033
16059
16044
16053
16042
16043
16055
16045
16051
16063
16052
16058
16051
16053
16072
16062
16060
16076
16062
16031
16059
16061
16067
16074
16066
16067
16074
16054
16070
16063
16067
0
0
0
0
0
0
0
0
0
0
0
0
0
0
0
0
0
0
0
0
0
0
0
0
0
0
0
0
0
10000
11
10000
3129185556
10000
16394
16359
16410
16394
16359
16392
16392
16372
16389
16398
16359
16395
16392
16372
16391
16393
16374
16393
16387
16374
16392
16390
16380
16377
16379
16388
16372
16373
16389
16395
16374
0
0
0
0
0
0
0
0
0
0
0
0
0
0
0
0
0
0
0
0
0
0
0
0
0
0
0
0
0
10000
12
10000
3129918305
10000
16059
16060
16064
16059
16070
16056
16066
16053
16056
16059
16056
16051
16063
16057
16065
16070
16059
16076
16073
16048
16074
16068
16058
16061
16059
16055
16075
16060
16057
16066
16073
0
0
0
0
0
0
0
0
0
0
0
0
0
0
0
0
0
0
0
0
0
0
0
0
0
0
0
0
0
10000
11
10000
3133368165
10000
16378
16394
16369
16361
16396
16370
16352
16404
16360
16358
16399
16362
16356
16404
16346
16352
16409
16346
16362
16397
16351
16356
16411
16359
16353
16403
16355
16368
16393
16364
16371
16391
16365
16378
16399
16376
16372
16390
16378
16375
16372
0
0
0
0
0
0
0
0
0
0
0
0
0
0
0
0
0
0
0
10000
12
10000
3136082878
10000
16067
16050
16067
16058
16063
16068
16064
16041
16051
16050
16070
16055
16067
16065
16068
16080
16071
16079
16088
16066
16053
16085
16058
16080
16076
16065
16054
16081
16067
16086
16074
16070
16086
16081
16073
16072
16075
16080
16076
16069
16081
16063
16059
16066
16063
16056
16079
16061
16074
16073
16075
16073
16101
16080
16076
16090
16074
16075
16091
16082
10000
11
10000
3138538497
10000
16390
16379
16380
16375
16383
16376
16384
16382
16383
16375
16384
16392
16364
16387
16397
16354
16401
16401
16360
16397
16395
16366
16394
16404
16341
16411
16410
16347
16414
16401
16357
16407
16405
16349
16411
16408
16370
16406
16353
16366
16398
16372
16365
16402
16364
16362
16393
16369
16372
16370
0
0
0
0
0
0
0
0
0
0
10000
12
10000
3139273293
10000
16073
16085
16066
16068
16071
16068
16079
16080
16075
16066
16054
16072
16079
16068
16079
16067
16053
16062
16082
16074
16086
16073
16080
16085
16063
16073
16083
16074
16083
16085
16068
16078
0
0
0
0
0
0
0
0
0
0
0
0
0
0
0
0
0
0
0
0
0
0
0
0
0
0
0
0
10000
11
10000
3141727721
10000
16386
16395
16373
16383
16372
16368
16385
16383
16380
16365
16393
16398
16362
16390
16391
16359
16398
16402
16353
16406
16388
16360
16402
16408
16347
16405
16404
16365
16403
16401
16374
16359
0
0
0
0
0
0
0
0
0
0
0
0
0
0
0
0
0
0
0
0
0
0
0
0
0
0
0
0
10000
12
10000
3142460520
10000
16070
16081
16066
16073
16071
16074
16075
16081
16071
16078
16071
16069
16062
16071
16070
16063
16082
16071
16069
16073
16062
16071
16075
16066
16065
16079
16063
16072
16074
16087
16069
0
0
0
0
0
0
0
0
0
0
0
0
0
0
0
0
0
0
0
0
0
0
0
0
0
0
0
0
0
10000
11
10000
3144914834
10000
16404
16356
16351
16404
16367
16385
16405
16365
16357
16397
16362
16367
16394
16374
16365
16395
16379
16371
16388
16380
16385
16371
16389
16383
16396
16373
16386
16390
16395
16383
16394
0
0
0
0
0
0
0
0
0
0
0
0
0
0
0
0
0
0
0
0
0
0
0
0
0
0
0
0
0
10000
12
10000
3145648694
10000
16086
16079
16079
16068
16064
16066
16066
16057
16088
16072
16068
16068
16068
16054
16056
16079
16079
16077
16061
16068
16066
16063
16082
16068
16079
16073
16081
16070
16077
16064
16063
0
0
0
0
0
0
0
0
0
0
0
0
0
0
0
0
0
0
0
0
0
0
0
0
0
0
0
0
0
10000
11
10000
3148103119
10000
16372
16380
16393
16379
16384
16397
16361
16400
16389
16380
16397
16396
16367
16402
16405
16363
16404
16401
16361
16405
16403
16367
16396
16410
16361
16408
16411
16356
16413
16410
16401
0
0
0
0
0
0
0
0
0
0
0
0
0
0
0
0
0
0
0
0
0
0
0
0
0
0
0
0
0
10000
12
10000
3148838927
10000
16063
16072
16061
16050
16073
16077
16061
16061
16076
16061
16061
16075
16067
16063
16069
16064
16042
16066
16072
16068
16081
16077
16060
16074
16078
16067
16071
16061
16071
16068
16069
0
0
0
0
0
0
0
0
0
0
0
0
0
0
0
0
0
0
0
0
0
0
0
0
0
0
0
0
0
10000
11
10000
3151295278
10000
16368
16385
16397
16375
16392
16383
16383
16385
16391
16385
16382
16388
16380
16376
16385
16383
16386
16382
16387
16379
16376
16393
16381
16373
16390
16374
16364
16402
16371
16386
16363
0
0
0
0
0
0
0
0
0
0
0
0
0
0
0
0
0
0
0
0
0
0
0
0
0
0
0
0
0
10000
12
10000
3152028044
10000
16069
16062
16067
16066
16062
16071
16071
16066
16063
16076
16076
16056
16057
16059
16056
16065
16069
16067
16077
16061
16038
16047
16048
16048
16066
16064
16054
16069
16062
16059
16079
0
0
0
0
0
0
0
0
0
0
0
0
0
0
0
0
0
0
0
0
0
0
0
0
0
0
0
0
0
10000
11
10000
3154482439
10000
16399
16352
16354
16410
16366
16360
16401
16365
16353
16405
16378
16362
16404
16363
16369
16406
16373
16377
16397
16371
16382
16383
16372
16373
16392
16375
16375
16391
16387
16375
16370
0
0
0
0
0
0
0
0
0
0
0
0
0
0
0
0
0
0
0
0
0
0
0
0
0
0
0
0
0
10000
12
10000
3155215301
10000
16063
16049
16073
16074
16068
16075
16053
16059
16050
16061
16066
16056
16056
16070
16054
16067
16079
16066
16061
16070
16076
16086
16087
16068
16081
16077
16060
16070
16073
16091
16064
0
0
0
0
0
0
0
0
0
0
0
0
0
0
0
0
0
0
0
0
0
0
0
0
0
0
0
0
0
10000
11
10000
3157670639
10000
16374
16380
16387
16378
16399
16383
16375
16380
16379
16380
16376
16392
16370
16402
16394
16372
16407
16403
16355
16403
16405
16354
16398
16400
16360
16408
16414
16353
16406
16401
16404
0
0
0
0
0
0
0
0
0
0
0
0
0
0
0
0
0
0
0
0
0
0
0
0
0
0
0
0
0
10000
12
10000
3158403432
10000
16060
16071
16063
16070
16074
16073
16063
16079
16067
16071
16082
16079
16088
16083
16074
16057
16072
16074
16068
16083
16072
16066
16065
16064
16051
16078
16056
16059
16069
16060
16049
0
0
0
0
0
0
0
0
0
0
0
0
0
0
0
0
0
0
0
0
0
0
0
0
0
0
0
0
0
10000
11
10000
3160857789
10000
16357
16406
16401
16360
16402
16394
16361
16401
16401
16366
16408
16396
16370
16390
16397
16360
16383
16389
16365
16396
16380
16384
16390
16374
16387
16369
16375
16384
16378
16388
16370
0
0
0
0
0
0
0
0
0
0
0
0
0
0
0
0
0
0
0
0
0
0
0
0
0
0
0
0
0
10000
12
10000
3161590677
10000
16066
16054
16057
16060
16048
16057
16063
16068
16063
16062
16047
16064
16065
16058
16063
16064
16085
16078
16082
16079
16086
16074
16074
16077
16068
16073
16067
16053
16063
16061
16080
0
0
0
0
0
0
0
0
0
0
0
0
0
0
0
0
0
0
0
0
0
0
0
0
0
0
0
0
0
10000
11
10000
3164046017
10000
16388
16387
16389
16397
16365
16369
16392
16360
16352
16390
16359
16363
16401
16377
16356
16401
16362
16365
16408
16355
16375
16390
16363
16354
16394
16377
16362
16402
16360
16358
16342
0
0
0
0
0
0
0
0
0
0
0
0
0
0
0
0
0
0
0
0
0
0
0
0
0
0
0
0
0
10000
12
10000
3164778875
10000
16066
16073
16077
16081
16066
16070
16072
16055
16063
16067
16062
16064
16072
16067
16075
16076
16070
16062
16072
16069
16074
16085
16071
16071
16076
16075
16079
16081
16077
16060
16077
0
0
0
0
0
0
0
0
0
0
0
0
0
0
0
0
0
0
0
0
0
0
0
0
0
0
0
0
0
10000
11
10000
3167233528
10000
16400
16376
16371
16399
16373
16361
16395
16353
16382
16379
16379
16375
16394
16390
16387
16370
16395
16395
16378
16390
16395
16375
16391
16389
16378
16381
16395
16361
16400
16402
16393
0
0
0
0
0
0
0
0
0
0
0
0
0
0
0
0
0
0
0
0
0
0
0
0
0
0
0
0
0
10000
12
10000
3167967416
10000
16065
16063
16066
16054
16066
16063
16058
16067
16061
16080
16067
16065
16081
16079
16055
16064
16072
16057
16064
16073
16069
16063
16076
16068
16076
16074
16066
16071
16068
16073
16084
0
0
0
0
0
0
0
0
0
0
0
0
0
0
0
0
0
0
0
0
0
0
0
0
0
0
0
0
0
