10000
11
10000
2987527472
10000
16381
16382
16377
16386
16368
16389
16397
16380
16369
16372
16395
16374
16366
16389
16370
16363
16399
16364
16397
16393
16360
16399
16403
16360
16404
16398
16371
16402
16412
16349
16367
0
0
0
0
0
0
0
0
0
0
0
0
0
0
0
0
0
0
0
0
0
0
0
0
0
0
0
0
0
10000
12
10000
2988260030
10000
16071
16075
16072
16073
16078
16073
16076
16076
16064
16077
16069
16060
16083
16068
16061
16071
16059
16054
16084
16047
16071
16087
16069
16081
16098
16065
16084
16068
16082
16068
16082
0
0
0
0
0
0
0
0
0
0
0
0
0
0
0
0
0
0
0
0
0
0
0
0
0
0
0
0
0
10000
11
10000
2991711365
10000
16361
16408
16354
16368
16412
16353
16364
16407
16353
16365
16404
16376
16367
16404
16375
16370
16401
16354
16367
16400
16385
16372
16381
16370
16383
16383
16381
16379
16378
16386
16381
16379
16376
16381
16372
16381
16358
16376
16403
16393
16356
0
0
0
0
0
0
0
0
0
0
0
0
0
0
0
0
0
0
0
10000
12
10000
2992444865
10000
16085
16057
16067
16086
16069
16062
16081
16085
16068
16063
16086
16057
16070
16078
16082
16080
16069
16057
16076
16057
16057
16082
16066
16060
16084
16056
16059
16069
16074
16064
16081
16079
16056
16067
16068
16063
16064
16068
16069
16086
16060
0
0
0
0
0
0
0
0
0
0
0
0
0
0
0
0
0
0
0
10000
11
10000
2994899696
10000
16354
16404
16351
16356
16402
16373
16361
16405
16359
16356
16397
16358
16370
16395
16373
16364
16406
16354
16366
16402
16353
16347
16408
16351
16369
16406
16360
16389
16366
16372
16405
0
0
0
0
0
0
0
0
0
0
0
0
0
0
0
0
0
0
0
0
0
0
0
0
0
0
0
0
0
10000
12
10000
2995633144
10000
16082
16066
16063
16077
16080
16072
16084
16066
16071
16065
16065
16088
16090
16061
16092
16085
16102
16090
16096
16095
16084
16091
16086
16087
16064
16068
16048
16077
16064
16070
16072
0
0
0
0
0
0
0
0
0
0
0
0
0
0
0
0
0
0
0
0
0
0
0
0
0
0
0
0
0
10000
11
10000
2998088891
10000
16406
16371
16382
16391
16383
16391
16395
16372
16401
16389
16377
16384
16389
16354
16407
16399
16362
16381
16413
16364
16391
16409
16352
16408
16398
16380
16397
16391
16361
16362
16403
0
0
0
0
0
0
0
0
0
0
0
0
0
0
0
0
0
0
0
0
0
0
0
0
0
0
0
0
0
10000
12
10000
2998822346
10000
16081
16076
16064
16084
16064
16058
16060
16072
16044
16068
16063
16087
16055
16074
16045
16073
16060
16045
16077
16066
16059
16055
16082
16073
16067
16073
16076
16073
16077
16082
16073
0
0
0
0
0
0
0
0
0
0
0
0
0
0
0
0
0
0
0
0
0
0
0
0
0
0
0
0
0
10000
11
10000
3001275926
10000
16370
16370
16392
16410
16375
16390
16402
16372
16394
16405
16351
16405
16405
16367
16404
16381
16381
16395
16376
16383
16385
16383
16372
16375
16373
16379
16375
16376
16380
16386
16367
0
0
0
0
0
0
0
0
0
0
0
0
0
0
0
0
0
0
0
0
0
0
0
0
0
0
0
0
0
10000
12
10000
3002010444
10000
16069
16081
16091
16060
16062
16056
16044
16065
16057
16049
16067
16066
16067
16065
16057
16040
16061
16077
16051
16051
16051
16071
16071
16065
16077
16061
16060
16059
16060
16083
16069
0
0
0
0
0
0
0
0
0
0
0
0
0
0
0
0
0
0
0
0
0
0
0
0
0
0
0
0
0
10000
11
10000
3004465056
10000
16373
16382
16359
16365
16397
16370
16374
16395
16368
16352
16396
16373
16378
16388
16378
16359
16419
16330
16334
16408
16351
16372
16403
16360
16360
16392
16362
16364
16392
16401
16374
0
0
0
0
0
0
0
0
0
0
0
0
0
0
0
0
0
0
0
0
0
0
0
0
0
0
0
0
0
10000
12
10000
3005198543
10000
16063
16054
16070
16073
16052
16077
16070
16080
16090
16071
16069
16076
16078
16088
16061
16068
16092
16077
16081
16066
16072
16073
16058
16059
16078
16085
16072
16044
16063
16053
16077
0
0
0
0
0
0
0
0
0
0
0
0
0
0
0
0
0
0
0
0
0
0
0
0
0
0
0
0
0
10000
11
10000
3007652218
10000
16360
16393
16368
16356
16410
16339
16360
16398
16369
16377
16390
16385
16379
16383
16372
16379
16385
16385
16401
16375
16392
16383
16373
16393
16398
16366
16391
16393
16357
16362
16392
0
0
0
0
0
0
0
0
0
0
0
0
0
0
0
0
0
0
0
0
0
0
0
0
0
0
0
0
0
10000
12
10000
3008385716
10000
16067
16059
16071
16072
16069
16055
16062
16065
16060
16070
16059
16052
16053
16053
16053
16061
16050
16074
16069
16063
16051
16065
16082
16069
16063
16073
16062
16069
16070
16077
16070
0
0
0
0
0
0
0
0
0
0
0
0
0
0
0
0
0
0
0
0
0
0
0
0
0
0
0
0
0
10000
11
10000
3010839264
10000
16398
16373
16398
16403
16357
16409
16402
16370
16394
16407
16355
16402
16401
16372
16408
16391
16360
16403
16417
16366
16390
16393
16368
16389
16400
16358
16395
16397
16369
16376
16381
0
0
0
0
0
0
0
0
0
0
0
0
0
0
0
0
0
0
0
0
0
0
0
0
0
0
0
0
0
10000
12
10000
3011572718
10000
16062
16075
16063
16068
16079
16076
16078
16082
16072
16091
16068
16071
16076
16069
16054
16062
16062
16064
16067
16071
16061
16053
16079
16065
16079
16080
16070
16074
16068
16080
16067
0
0
0
0
0
0
0
0
0
0
0
0
0
0
0
0
0
0
0
0
0
0
0
0
0
0
0
0
0
10000
11
10000
3014029252
10000
16385
16371
16381
16367
16389
16378
16374
16399
16379
16374
16376
16375
16369
16388
16364
16364
16381
16370
16357
16407
16356
16367
16397
16365
16357
16413
16357
16367
16406
16418
16354
0
0
0
0
0
0
0
0
0
0
0
0
0
0
0
0
0
0
0
0
0
0
0
0
0
0
0
0
0
10000
12
10000
3014762770
10000
16065
16062
16077
16094
16093
16082
16090
16104
16088
16077
16107
16095
16064
16082
16083
16069
16083
16075
16075
16081
16084
16091
16079
16081
16077
16096
16093
16083
16075
16100
16078
0
0
0
0
0
0
0
0
0
0
0
0
0
0
0
0
0
0
0
0
0
0
0
0
0
0
0
0
0
10000
11
10000
3017217374
10000
16356
16398
16358
16367
16388
16369
16355
16397
16372
16363
16397
16380
16371
16388
16366
16366
16400
16363
16375
16387
16382
16382
16391
16377
16377
16390
16384
16398
16382
16379
16389
0
0
0
0
0
0
0
0
0
0
0
0
0
0
0
0
0
0
0
0
0
0
0
0
0
0
0
0
0
10000
12
10000
3018946412
10000
16075
16082
16091
16070
16075
16080
16061
16068
16063
16060
16049
16067
16057
16064
16071
16078
16069
16061
16077
16076
16068
16079
16070
16066
16079
16077
16082
16070
16079
16097
16077
16073
16077
16079
16055
16075
16067
16060
16082
16068
16077
0
0
0
0
0
0
0
0
0
0
0
0
0
0
0
0
0
0
0
10000
11
10000
3023371774
10000
16397
16368
16387
16397
16376
16381
16386
16368
16393
16406
16355
16405
16397
16353
16408
16404
16361
16396
16408
16343
16415
16399
16359
16399
16401
16348
16422
16407
16365
16405
16394
16378
16388
16391
16362
16387
16385
16376
16401
16387
16365
16383
16384
16388
16377
16386
16393
16379
16389
16388
16382
16381
16377
16372
16364
16394
16377
16372
16399
16400
10000
12
10000
3025091975
10000
16080
16076
16064
16072
16073
16076
16073
16087
16077
16073
16072
16087
16073
16072
16091
16069
16064
16077
16069
16069
16069
16065
16077
16083
16068
16080
16076
16058
16075
16068
16069
16079
16063
16069
16070
16087
16072
16073
16082
16070
16073
16079
16070
16079
16078
16083
16077
16088
16081
16080
16077
16081
16074
16089
16072
16072
16078
16071
16068
16061
10000
11
10000
3028533045
10000
16369
16393
16404
16374
16399
16400
16361
16398
16407
16360
16400
16404
16363
16404
16391
16379
16406
16389
16377
16395
16401
16370
16395
16401
16369
16406
16390
16374
16392
16385
16383
16389
16378
16398
16382
16368
16373
16371
16375
16377
16376
16388
16386
16390
16392
16390
16370
16379
16384
16381
16371
0
0
0
0
0
0
0
0
0
10000
12
10000
3030252144
10000
16066
16068
16068
16062
16074
16062
16079
16076
16068
16086
16082
16076
16074
16076
16076
16073
16082
16071
16068
16067
16069
16053
16081
16079
16079
16070
16082
16069
16073
16075
16071
16077
16079
16073
16064
16060
16073
16088
16064
16074
16080
16067
16068
16062
16061
16063
16063
16043
16068
16078
0
0
0
0
0
0
0
0
0
0
10000
11
10000
3032706924
10000
16374
16399
16359
16361
16395
16358
16357
16408
16376
16361
16388
16377
16366
16398
16364
16361
16388
16361
16361
16388
16352
16379
16389
16363
16367
16397
16371
16368
16395
16380
16365
16400
16371
16374
16382
16374
16383
16386
16368
16343
16398
0
0
0
0
0
0
0
0
0
0
0
0
0
0
0
0
0
0
0
10000
12
10000
3033440547
10000
16059
16073
16055
16069
16068
16075
16075
16059
16053
16067
16076
16067
16061
16062
16055
16070
16071
16062
16073
16082
16073
16057
16072
16077
16096
16076
16072
16057
16081
16068
16070
16075
0
0
0
0
0
0
0
0
0
0
0
0
0
0
0
0
0
0
0
0
0
0
0
0
0
0
0
0
10000
11
10000
3035894249
10000
16396
16372
16392
16368
16395
16369
16372
16388
16371
16368
16399
16361
16364
16403
16348
16368
16404
16366
16353
16399
16361
16378
16392
16368
16366
16398
16360
16376
16391
16392
16368
0
0
0
0
0
0
0
0
0
0
0
0
0
0
0
0
0
0
0
0
0
0
0
0
0
0
0
0
0
10000
12
10000
3036627810
10000
16074
16065
16060
16072
16059
16056
16058
16061
16063
16081
16065
15844
16081
16071
16077
16077
16087
16082
16089
16078
16084
16084
16077
16084
16084
16094
16070
16073
16059
16073
16062
0
0
0
0
0
0
0
0
0
0
0
0
0
0
0
0
0
0
0
0
0
0
0
0
0
0
0
0
0
10000
11
10000
3039083108
10000
16373
16394
16353
16369
16389
16366
16364
16389
16378
16373
16389
16371
16369
16375
16386
16373
16376
16378
16385
16387
16384
16395
16370
16392
16395
16386
16389
16387
16379
16373
16384
0
0
0
0
0
0
0
0
0
0
0
0
0
0
0
0
0
0
0
0
0
0
0
0
0
0
0
0
0
10000
12
10000
3040813392
10000
16075
16067
16063
16077
16080
16067
16077
16058
16065
16077
16081
16062
16075
16068
16068
16069
16074
16076
16069
16066
16064
16065
16079
16070
16069
16076
16075
16071
16067
16070
16085
16085
16083
16065
16073
16077
16063
16065
16078
16068
16069
0
0
0
0
0
0
0
0
0
0
0
0
0
0
0
0
0
0
0
10000
11
10000
3045238540
10000
16384
16380
16393
16392
16370
16396
16394
16362
16402
16393
16362
16405
16398
16371
16403
16395
16382
16393
16384
16373
16398
16398
16372
16391
16393
16380
16389
16395
16376
16397
16388
16376
16383
16377
16391
16376
16379
16366
16388
16377
16389
16375
16375
16400
16371
16374
16402
16373
16368
16366
16399
16377
16356
16400
16359
16381
16397
16362
16371
16368
10000
12
10000
3046956659
10000
16086
16074
16059
16068
16064
16070
16070
16073
16065
16075
16067
16064
16066
16071
16072
16091
16070
16064
16065
16081
16071
16072
16082
16061
16065
16068
16073
16060
16067
16071
16070
16071
16061
16062
16064
16042
16060
16054
16062
16051
16055
16043
16053
16052
16058
16057
16073
16084
16081
16065
16054
16066
16069
16072
16056
16050
16061
16070
16052
16069
10000
11
10000
3050396907
10000
16403
16367
16372
16396
16363
16374
16392
16370
16366
16402
16379
16366
16386
16373
16378
16385
16376
16400
16400
16368
16400
16390
16381
16390
16383
16383
16374
16384
16402
16369
16396
16381
16379
16394
16374
16397
16381
16382
16376
16377
16382
16378
16395
16373
16376
16373
16386
16385
16380
16378
0
0
0
0
0
0
0
0
0
0
10000
12
10000
3051130506
10000
16055
16058
16067
16077
16061
16048
16071
16061
16071
16073
16063
16084
16062
16075
16073
16073
16069
16068
16070
16064
16043
16053
16063
16047
16062
16054
16052
16065
16069
16048
16056
16062
16055
16079
16066
16073
16063
16050
16048
16056
16053
0
0
0
0
0
0
0
0
0
10000
11
10000
3053586281
10000
16395
16359
16363
16395
16369
16375
16384
16382
16367
16398
16377
16380
16398
16375
16361
16382
16361
16383
16389
16368
16363
16387
16384
16371
16387
16357
16357
16411
16370
16369
16392
16351
0
0
0
0
0
0
0
0
0
0
0
0
0
0
0
0
0
0
0
0
0
0
0
0
0
0
0
0
10000
12
10000
3054319754
10000
16046
16063
16062
16045
16042
16040
16053
16057
16050
16070
16042
16081
16063
16074
16063
16097
16045
16076
16067
16099
16083
16081
16066
16074
16084
16057
16074
16048
16016
16091
16056
0
0
0
0
0
0
0
0
0
0
0
0
0
0
0
0
0
0
0
0
0
0
0
0
0
0
0
0
0
10000
11
10000
3056774445
10000
16414
16350
16411
16392
16335
16419
16422
16340
16415
16389
16336
16434
16426
16354
16404
16385
16302
16486
16449
16343
16415
16408
16337
16421
16416
16345
16409
16383
16384
16405
16384
0
0
0
0
0
0
0
0
0
0
0
0
0
0
0
0
0
0
0
0
0
0
0
0
0
0
0
0
0
10000
12
10000
3057509057
10000
16062
15931
16125
15945
16062
16012
16096
16064
16170
15986
16103
16081
16036
16066
16060
16054
16052
16075
16065
16066
16060
16059
16065
16061
16074
16052
16069
16051
16071
16042
16065
0
0
0
0
0
0
0
0
0
0
0
0
0
0
0
0
0
0
0
0
0
0
0
0
0
0
0
0
0
10000
11
10000
3059965323
10000
16369
16388
16388
16383
16373
16391
16390
16378
16381
16363
16384
16375
16391
16388
16377
16376
16376
16383
16387
16380
16390
16387
16370
16385
16367
16381
16362
16369
16389
16378
16395
0
0
0
0
0
0
0
0
0
0
0
0
0
0
0
0
0
0
0
0
0
0
0
0
0
0
0
0
0
10000
12
10000
3060700457
10000
16059
16067
16065
16086
16066
16069
16062
16058
16061
16052
16063
16060
16060
16065
16049
16060
16082
16052
16053
16064
16043
16046
16061
16058
16069
16084
16054
16080
16085
16080
16075
0
0
0
0
0
0
0
0
0
0
0
0
0
0
0
0
0
0
0
0
0
0
0
0
0
0
0
0
0
10000
11
10000
3063154094
10000
16372
16387
16389
16377
16392
16400
16383
16397
16396
16370
16385
16404
16381
16392
16381
16369
16395
16381
16385
16391
16382
16384
16381
16386
16377
16381
16381
16369
16392
16380
16392
0
0
0
0
0
0
0
0
0
0
0
0
0
0
0
0
0
0
0
0
0
0
0
0
0
0
0
0
0
10000
12
10000
3063888671
10000
16080
16086
16091
16083
16076
16088
16063
16086
16071
16077
16068
16086
16063
16065
16087
16075
16090
16079
16076
16074
16071
16062
16081
16085
16063
16068
16071
16062
16076
16088
16079
0
0
0
0
0
0
0
0
0
0
0
0
0
0
0
0
0
0
0
0
0
0
0
0
0
0
0
0
0
10000
11
10000
3066342238
10000
16375
16387
16376
16379
16393
16375
16390
16372
16384
16385
16381
16377
16386
16378
16376
16381
16364
16375
16382
16375
16375
16396
16367
16384
16395
16362
16386
16395
16369
16377
16380
0
0
0
0
0
0
0
0
0
0
0
0
0
0
0
0
0
0
0
0
0
0
0
0
0
0
0
0
0
10000
12
10000
3067075928
10000
16066
16074
16058
16066
16070
16069
16066
16063
16052
16060
16044
16075
16062
16068
16082
16078
16063
16065
16066
16059
16059
16055
16053
16057
16053
16073
16068
16056
16049
16051
16046
0
0
0
0
0
0
0
0
0
0
0
0
0
0
0
0
0
0
0
0
0
0
0
0
0
0
0
0
0
10000
11
10000
3069529422
10000
16383
16385
16377
16385
16380
16376
16380
16373
16379
16393
16372
16389
16384
16393
16385
16384
16377
16389
16380
16382
16379
16391
16380
16385
16380
16384
16362
16376
16393
16380
16380
0
0
0
0
0
0
0
0
0
0
0
0
0
0
0
0
0
0
0
0
0
0
0
0
0
0
0
0
0
10000
12
10000
3070262041
10000
16066
16065
16048
16060
16060
16057
16059
16073
16064
16070
16082
16073
16090
16061
16060
16071
16066
16071
16080
16070
16072
16088
16085
16062
16073
16078
16071
16062
16064
16069
16064
0
0
0
0
0
0
0
0
0
0
0
0
0
0
0
0
0
0
0
0
0
0
0
0
0
0
0
0
0
10000
11
10000
3072716574
10000
16372
16391
16378
16374
16375
16382
16384
16384
16382
16386
16376
16377
16379
16388
16391
16366
16392
16388
16366
16391
16398
16375
16380
16379
16378
16384
16372
16369
16387
16381
16392
0
0
0
0
0
0
0
0
0
0
0
0
0
0
0
0
0
0
0
0
0
0
0
0
0
0
0
0
0
10000
12
10000
3073450678
10000
16062
16078
16069
16080
16079
16065
16057
16069
16062
16073
16091
16062
16062
16078
16072
16080
16086
16070
16095
16089
16068
16083
16074
16074
16070
16082
16082
16079
16074
16077
16073
0
0
0
0
0
0
0
0
0
0
0
0
0
0
0
0
0
0
0
0
0
0
0
0
0
0
0
0
0
10000
11
10000
3075906810
10000
16368
16390
16380
16385
16398
16376
16396
16374
16383
16393
16372
16378
16395
16377
16371
16391
16369
16395
16387
16377
16395
16392
16376
16381
16385
16374
16385
16395
16377
16371
16374
0
0
0
0
0
0
0
0
0
0
0
0
0
0
0
0
0
0
0
0
0
0
0
0
0
0
0
0
0
10000
12
10000
3076639447
10000
16071
16057
16062
16057
16062
16065
16044
16063
16071
16056
16069
16080
16073
16070
16070
16069
16066
16063
16041
16073
16049
16070
16067
16068
16060
16073
16067
16078
16074
16086
16078
0
0
0
0
0
0
0
0
0
0
0
0
0
0
0
0
0
0
0
0
0
0
0
0
0
0
0
0
0
10000
11
10000
3079093102
10000
16391
16386
16381
16385
16380
16384
16383
16371
16381
16376
16382
16368
16387
16380
16385
16380
16377
16383
16380
16373
16388
16362
16384
16392
16369
16392
16391
16381
16391
16391
16392
0
0
0
0
0
0
0
0
0
0
0
0
0
0
0
0
0
0
0
0
0
0
0
0
0
0
0
0
0
10000
12
10000
3079826751
10000
16070
16057
16074
16075
16055
16065
16076
16065
16070
16068
16051
16056
16057
16049
16073
16048
16057
16079
16073
16060
16083
16071
16055
16075
16057
16055
16055
16066
16050
16059
16047
0
0
0
0
0
0
0
0
0
0
0
0
0
0
0
0
0
0
0
0
0
0
0
0
0
0
0
0
0
10000
11
10000
3082280438
10000
16360
16393
16386
16370
16379
16402
16382
16375
16389
16394
16392
16390
16377
16384
16384
16364
16389
16375
16382
16381
16390
16378
16380
16378
16380
16370
16384
16377
16388
16374
16388
0
0
0
0
0
0
0
0
0
0
0
0
0
0
0
0
0
0
0
0
0
0
0
0
0
0
0
0
0
