10000
12
10000
2892304306
10000
16065
16073
16065
16083
16070
16080
16065
16068
16069
16074
16067
16067
16082
16083
16077
16066
16055
16063
16073
16068
16052
16068
16057
16061
16075
16065
16070
16062
16070
16056
16073
16066
0
0
0
0
0
0
0
0
0
0
0
0
0
0
0
0
0
0
0
0
0
0
0
0
0
0
0
0
10000
11
10000
2894759078
10000
16374
16373
16399
16367
16386
16394
16370
16384
16393
16381
16369
16400
16379
16368
16394
16379
16379
16384
16359
16385
16388
16375
16369
16376
16375
16375
16367
16403
16389
16373
16373
0
0
0
0
0
0
0
0
0
0
0
0
0
0
0
0
0
0
0
0
0
0
0
0
0
0
0
0
0
10000
12
10000
2895493290
10000
16065
16073
16062
16051
16056
16056
16049
16046
16063
16078
16055
16064
16061
16067
16069
16066
16074
16061
16083
16078
16071
16079
16068
16075
16067
16069
16076
16071
16065
16076
16084
0
0
0
0
0
0
0
0
0
0
0
0
0
0
0
0
0
0
0
0
0
0
0
0
0
0
0
0
0
10000
12
10000
2898680332
10000
16079
16057
16077
16069
16064
16066
16050
16065
16072
16075
16074
16066
16069
16075
16082
16077
16068
16079
16068
16071
16064
16083
16071
16077
16080
16064
16069
16084
16079
16077
16065
0
0
0
0
0
0
0
0
0
0
0
0
0
0
0
0
0
0
0
0
0
0
0
0
0
0
0
0
0
10000
11
10000
2901135188
10000
16386
16398
16379
16390
16393
16370
16393
16396
16378
16398
16370
16383
16388
16388
16384
16375
16385
16396
16372
16381
16379
16375
16376
16371
16379
16364
16390
16384
16368
16387
16381
0
0
0
0
0
0
0
0
0
0
0
0
0
0
0
0
0
0
0
0
0
0
0
0
0
0
0
0
0
10000
12
10000
2902854017
10000
16080
16072
16062
16076
16065
16071
16050
16067
16084
16059
16081
16082
16061
16073
16089
16079
16081
16079
16076
16076
16074
16096
16097
16071
16086
16091
16081
16090
16089
16087
16083
16075
16085
16070
16083
16072
16077
16085
16072
16071
16078
0
0
0
0
0
0
0
0
0
0
0
0
0
0
0
0
0
0
0
10000
11
10000
2905313978
10000
16389
16367
16393
16371
16366
16395
16372
16371
16399
16358
16363
16398
16361
16383
16394
16363
16371
16399
16357
16365
16395
16368
16378
16403
16371
16383
16392
16367
16389
16384
16373
16387
16377
16380
16378
16377
16394
16392
16373
16374
16385
0
0
0
0
0
0
0
0
0
0
0
0
0
0
0
0
0
0
0
10000
12
10000
2906047350
10000
16077
16077
16078
16082
16071
16072
16079
16086
16078
16085
16073
16072
16089
16076
16081
16085
16078
16073
16074
16063
16093
16085
16066
16080
16064
16065
16084
16068
16076
16083
16083
0
0
0
0
0
0
0
0
0
0
0
0
0
0
0
0
0
0
0
0
0
0
0
0
0
0
0
0
0
10000
11
10000
2908502225
10000
16380
16373
16390
16381
16374
16380
16368
16378
16387
16384
16369
16395
16379
16375
16385
16365
16387
16386
16384
16374
16393
16376
16367
16401
16393
16373
16379
16369
16369
16379
16388
0
0
0
0
0
0
0
0
0
0
0
0
0
0
0
0
0
0
0
0
0
0
0
0
0
0
0
0
0
10000
12
10000
2909235511
10000
16064
16072
16076
16057
16072
16067
16067
16063
16071
16064
16071
16064
16064
16077
16053
16082
16066
16062
16088
16079
16059
16073
16075
16050
16071
16077
16069
16077
16073
16062
16070
0
0
0
0
0
0
0
0
0
0
0
0
0
0
0
0
0
0
0
10000
11
10000
2911689366
10000
16376
16362
16390
16381
16383
16383
16382
16388
16376
16387
16376
16372
16392
16380
16375
16384
16393
16377
16389
16377
16386
16370
16379
16368
16382
16389
16383
16384
16381
16377
16371
0
0
0
0
0
0
0
0
0
0
0
0
0
0
0
0
0
0
0
0
0
0
0
0
0
0
0
0
0
10000
12
10000
2912422679
10000
16069
16072
16069
16063
16060
16057
16051
16070
16070
16067
16074
16062
16067
16074
16071
16066
16067
16056
16048
16073
16061
16056
16060
16059
16063
16068
16084
16068
16066
16073
16074
0
0
0
0
0
0
0
0
0
0
0
0
0
0
0
0
0
0
0
0
0
0
0
0
0
0
0
0
0
10000
11
10000
2914880603
10000
16392
16386
16369
16391
16385
16375
16405
16389
16361
16398
16393
16380
16396
16400
16365
16389
16380
16380
16376
16374
16382
16384
16383
16383
16376
16381
16386
16377
16382
16386
16394
0
0
0
0
0
0
0
0
0
0
0
0
0
0
0
0
0
0
0
0
0
0
0
0
0
0
0
0
0
10000
12
10000
2915613821
10000
16076
16084
16083
16075
16081
16095
16079
16074
16075
16085
16067
16085
16058
16060
16078
16071
16063
16071
16065
16065
16081
16076
16079
16088
16063
16081
16089
16063
16078
16063
16060
0
0
0
0
0
0
0
0
0
0
0
0
0
0
0
0
0
0
0
0
0
0
0
0
0
0
0
0
0
10000
11
10000
2918069487
10000
16377
16368
16390
16381
16374
16385
16383
16380
16385
16384
16371
16400
16385
16376
16386
16374
16379
16388
16370
16385
16382
16379
16370
16376
16382
16375
16387
16379
16374
16378
16385
0
0
0
0
0
0
0
0
0
0
0
0
0
0
0
0
0
0
0
0
0
0
0
0
0
0
0
0
0
10000
12
10000
2918802807
10000
16049
16060
16058
16063
16073
16072
16077
16065
16072
16078
16055
16065
16071
16056
16078
16076
16063
16063
16071
16046
16059
16063
16053
16071
16067
16075
16067
16081
16077
16082
16070
0
0
0
0
0
0
0
0
0
0
0
0
0
0
0
0
0
0
0
0
0
0
0
0
0
0
0
0
0
10000
11
10000
2921257500
10000
16392
16372
16380
16386
16366
16381
16375
16387
16392
16377
16383
16369
16392
16399
16374
16385
16386
16381
16378
16389
16383
16375
16395
16382
16385
16383
16386
16380
16383
16371
16372
0
0
0
0
0
0
0
0
0
0
0
0
0
0
0
0
0
0
0
0
0
0
0
0
0
0
0
0
0
10000
12
10000
2921991792
10000
16092
16078
16082
16077
16091
16060
16090
16077
16077
16076
16078
16075
16088
16077
16069
16088
16089
16078
16075
16072
16071
16081
16063
16062
16070
16072
16076
16083
16098
16094
16096
0
0
0
0
0
0
0
0
0
0
0
0
0
0
0
0
0
0
0
0
0
0
0
0
0
0
0
0
0
10000
11
10000
2924445482
10000
16387
16391
16368
16389
16385
16376
16389
16384
16372
16378
16373
16369
16383
16386
16376
16379
16374
16386
16367
16370
16381
16380
16386
16369
16381
16383
16387
16378
16401
16367
16386
0
0
0
0
0
0
0
0
0
0
0
0
0
0
0
0
0
0
0
0
0
0
0
0
0
0
0
0
0
10000
12
10000
2926164023
10000
16099
16084
16095
16082
16091
16091
16072
16094
16084
16076
16086
16078
16075
16090
16081
16087
16094
16095
16077
16082
16111
16089
16088
16099
16090
16082
16085
16082
16089
16100
16095
16094
16088
16080
16070
16079
16087
16078
16068
16091
0
0
0
0
0
0
0
0
0
0
0
0
0
0
0
0
0
0
0
0
10000
11
10000
2930588540
10000
16380
16392
16392
16379
16372
16379
16386
16380
16386
16372
16364
16389
16384
16371
16385
16388
16389
16384
16375
16394
16382
16379
16376
16399
16375
16363
16393
16375
16373
16385
16379
16385
16385
16364
16375
16393
16391
16373
16381
16387
16380
16394
16376
16381
16384
16376
16388
16388
16385
16391
16384
16371
16389
16386
16385
16380
16389
16380
16389
16388
10000
12
10000
2932308298
10000
16070
16069
16079
16085
16070
16071
16064
16088
16079
16076
16082
16070
16050
16081
16074
16072
16074
16067
16083
16078
16068
16078
16063
16062
16064
16077
16065
16085
16069
16080
16085
16062
16090
16077
16075
16091
16079
16068
16072
16087
16069
16071
16079
16063
16063
16083
16069
16069
16078
16077
16089
16073
16064
16072
16066
16061
16087
16075
16063
16086
10000
11
10000
2936733149
10000
16380
16378
16384
16378
16385
16370
16391
16383
16368
16370
16384
16371
16381
16400
16373
16372
16385
16384
16392
16394
16372
16390
16385
16371
16371
16392
16375
16387
16391
16378
16380
16378
16372
16400
16378
16397
16391
16382
16388
16399
16376
16393
16390
16371
16400
16399
16374
16382
16389
16370
16376
16392
16393
16385
16387
16382
16370
16398
16394
16380
10000
12
10000
2938453075
10000
16073
16086
16085
16076
16079
16075
16070
16080
16074
16065
16075
16079
16084
16071
16087
16075
16082
16069
16080
16069
16070
16082
16072
16084
16076
16066
16078
16085
16077
16088
16085
16073
16082
16062
16072
16080
16067
16066
16067
16053
16070
16062
16064
16061
16077
16058
16081
16068
16072
16073
16075
16063
16066
16094
16068
16085
16087
16076
16088
16090
10000
11
10000
2942876896
10000
16382
16389
16376
16396
16387
16383
16390
16380
16374
16380
16388
16362
16391
16388
16382
16375
16376
16387
16379
16380
16377
16384
16388
16383
16371
16378
16403
16353
16363
16386
16369
16366
16390
16369
16358
16394
16370
16371
16402
16364
16373
16382
16375
16380
16393
16369
16367
16393
16367
16373
16376
16383
16393
16364
16382
16396
16377
16394
16378
16381
10000
12
10000
2943610398
10000
16076
16065
16078
16055
16089
16085
16090
16079
16080
16066
16087
16080
16078
16084
16086
16075
16069
16073
16078
16072
16070
16083
16062
16074
16068
16065
16073
16083
16074
16083
16073
16066
16090
16069
16059
16095
16069
16070
16076
16084
16065
16091
16073
16061
16079
16086
16068
16070
16084
16073
16086
0
0
0
0
0
0
0
0
0
10000
11
10000
2946066060
10000
16378
16384
16376
16377
16384
16397
16374
16380
16391
16375
16384
16384
16383
16368
16393
16383
16374
16390
16369
16393
16391
16365
16372
16400
16367
16377
16401
16374
16364
16388
16373
16355
0
0
0
0
0
0
0
0
0
0
0
0
0
0
0
0
0
0
0
0
0
0
0
0
0
0
0
0
10000
12
10000
2946799462
10000
16079
16083
16085
16085
16077
16071
16056
16064
16071
16059
16071
16059
16046
16067
16061
16069
16074
16070
16042
16072
16062
16064
16067
16065
16069
16058
16071
16072
16057
16082
16088
0
0
0
0
0
0
0
0
0
0
0
0
0
0
0
0
0
0
0
0
0
0
0
0
0
0
0
0
0
10000
11
10000
2949255194
10000
16396
16371
16374
16382
16379
16374
16392
16384
16374
16381
16373
16372
16383
16391
16375
16385
16377
16372
16390
16383
16383
16395
16387
16387
16377
16373
16378
16384
16376
16390
16385
0
0
0
0
0
0
0
0
0
0
0
0
0
0
0
0
0
0
0
0
0
0
0
0
0
0
0
0
0
10000
12
10000
2949988459
10000
16088
16071
16079
16063
16069
16083
16045
16056
16073
16075
16062
16083
16062
16065
16074
16074
16063
16063
16077
16073
16054
16086
16074
16072
16079
16082
16068
16074
16068
16074
16060
0
0
0
0
0
0
0
0
0
0
0
0
0
0
0
0
0
0
0
0
0
0
0
0
0
0
0
0
0
10000
11
10000
2952444170
10000
16358
16366
16402
16382
16380
16387
16393
16373
16390
16367
16370
16393
16375
16382
16395
16373
16374
16396
16373
16370
16382
16373
16370
16394
16381
16376
16392
16373
16366
16386
16389
0
0
0
0
0
0
0
0
0
0
0
0
0
0
0
0
0
0
0
0
0
0
0
0
0
0
0
0
0
10000
12
10000
2953179541
10000
16072
16065
16066
16086
16069
16054
16082
16086
16067
16090
16068
16102
16086
16072
16071
16069
16062
16078
16078
16064
16080
16090
16089
16083
16085
16080
16071
16070
16088
16067
16075
0
0
0
0
0
0
0
0
0
0
0
0
0
0
0
0
0
0
0
0
0
0
0
0
0
0
0
0
0
10000
11
10000
2955637247
10000
16385
16378
16383
16368
16385
16373
16374
16380
16398
16375
16378
16387
16381
16388
16386
16380
16375
16378
16383
16382
16372
16384
16390
16371
16399
16397
16375
16384
16397
16369
16373
0
0
0
0
0
0
0
0
0
0
0
0
0
0
0
0
0
0
0
0
0
0
0
0
0
0
0
0
0
10000
12
10000
2956371625
10000
16065
16093
16053
16074
16082
16071
16080
16081
16062
16071
16088
16067
16061
16068
16071
16057
16071
16071
16061
16074
16091
16076
16068
16080
16077
16073
16065
16047
16069
16078
16074
0
0
0
0
0
0
0
0
0
0
0
0
0
0
0
0
0
0
0
0
0
0
0
0
0
0
0
0
0
10000
11
10000
2958825522
10000
16407
16393
16369
16396
16401
16376
16401
16402
16369
16395
16405
16364
16398
16389
16367
16391
16380
16378
16394
16396
16374
16392
16383
16389
16394
16384
16370
16388
16394
16371
16376
0
0
0
0
0
0
0
0
0
0
0
0
0
0
0
0
0
0
0
0
0
0
0
0
0
0
0
0
0
10000
12
10000
2959559979
10000
16069
16080
16078
16063
16076
16077
16073
16076
16084
16074
16098
16074
16062
16079
16091
16078
16068
16067
16062
16061
16078
16066
16068
16082
16066
16063
16082
16086
16060
16071
16064
0
0
0
0
0
0
0
0
0
0
0
0
0
0
0
0
0
0
0
0
0
0
0
0
0
0
0
0
0
10000
11
10000
2962017739
10000
16382
16383
16372
16385
16383
16380
16381
16368
16390
16372
16364
16396
16361
16380
16394
16369
16368
16385
16371
16375
16385
16380
16372
16385
16369
16354
16414
16348
16369
16406
16394
0
0
0
0
0
0
0
0
0
0
0
0
0
0
0
0
0
0
0
0
0
0
0
0
0
0
0
0
0
10000
12
10000
2962750175
10000
16079
16056
16092
16072
16071
16090
16069
16085
16074
16067
16071
16079
16073
16087
16080
16072
16081
16073
16071
16064
16060
16073
16087
16075
16080
16071
16061
16073
16054
16050
16067
0
0
0
0
0
0
0
0
0
0
0
0
0
0
0
0
0
0
0
0
0
0
0
0
0
0
0
0
0
10000
11
10000
2965203957
10000
16375
16361
16394
16361
16367
16401
16366
16368
16388
16373
16368
16385
16382
16366
16389
16380
16376
16385
16377
16384
16385
16365
16397
16384
16387
16387
16367
16397
16398
16366
16360
0
0
0
0
0
0
0
0
0
0
0
0
0
0
0
0
0
0
0
0
0
0
0
0
0
0
0
0
0
10000
12
10000
2965937388
10000
16076
16062
16077
16084
16061
16081
16079
16083
16080
16088
16075
16077
16081
16085
16082
16091
16074
16078
16074
16082
16067
16067
16076
16063
16076
16081
16076
16087
16078
16050
16075
0
0
0
0
0
0
0
0
0
0
0
0
0
0
0
0
0
0
0
0
0
0
0
0
0
0
0
0
0
10000
11
10000
2968392113
10000
16381
16395
16363
16414
16405
16361
16390
16397
16366
16405
16406
16355
16400
16399
16361
16410
16390
16365
16399
16386
16369
16408
16394
16374
16399
16391
16370
16391
16406
16362
16370
0
0
0
0
0
0
0
0
0
0
0
0
0
0
0
0
0
0
0
0
0
0
0
0
0
0
0
0
0
10000
12
10000
2969126486
10000
16082
16081
16072
16084
16068
16078
16070
16072
16089
16083
16082
16080
16083
16093
16070
16060
16070
16062
16055
16061
16075
16067
16076
16073
16076
16079
16082
16064
16098
16091
16088
0
0
0
0
0
0
0
0
0
0
0
0
0
0
0
0
0
0
0
0
0
0
0
0
0
0
0
0
0
10000
11
10000
2971580354
10000
16388
16385
16382
16376
16387
16365
16379
16377
16385
16374
16381
16388
16383
16384
16388
16362
16371
16392
16379
16372
16385
16376
16357
16402
16357
16357
16398
16361
16368
16401
16399
0
0
0
0
0
0
0
0
0
0
0
0
0
0
0
0
0
0
0
0
0
0
0
0
0
0
0
0
0
10000
12
10000
2972313859
10000
16080
16085
16061
16075
16079
16073
16080
16080
16079
16077
16094
16082
16074
16079
16084
16079
16078
16081
16074
16066
16082
16078
16067
16094
16081
16076
16082
16073
16061
16086
16091
0
0
0
0
0
0
0
0
0
0
0
0
0
0
0
0
0
0
0
0
0
0
0
0
0
0
0
0
0
10000
11
10000
2974770483
10000
16362
16366
16399
16364
16373
16402
16356
16360
16404
16359
16368
16399
16372
16370
16399
16376
16367
16393
16375
16381
16379
16381
16386
16399
16369
16365
16377
16391
16380
16385
16389
0
0
0
0
0
0
0
0
0
0
0
0
0
0
0
0
0
0
0
0
0
0
0
0
0
0
0
0
0
10000
12
10000
2975504980
10000
16070
16065
16080
16080
16067
16078
16080
16059
16073
16069
16074
16061
16056
16067
16077
16073
16072
16076
16073
16073
16073
16080
16074
16068
16081
16059
16078
16080
16063
16060
16079
0
0
0
0
0
0
0
0
0
0
0
0
0
0
0
0
0
0
0
0
0
0
0
0
0
0
0
0
0
10000
11
10000
2977959595
10000
16386
16383
16371
16397
16391
16376
16391
16395
16378
16384
16409
16367
16399
16399
16368
16396
16400
16363
16409
16397
16358
16405
16404
16348
16423
16403
16364
16394
16401
16358
16352
0
0
0
0
0
0
0
0
0
0
0
0
0
0
0
0
0
0
0
0
0
0
0
0
0
0
0
0
0
10000
12
10000
2978693127
10000
16087
16077
16091
16079
16057
16080
16073
16079
16085
16093
16077
16074
16082
16084
16078
16059
16085
16090
16087
16077
16080
16090
16084
16053
16090
16086
16072
16074
16083
16070
16069
0
0
0
0
0
0
0
0
0
0
0
0
0
0
0
0
0
0
0
0
0
0
0
0
0
0
0
0
0
10000
11
10000
2981150809
10000
16368
16399
16366
16395
16397
16375
16395
16396
16366
16392
16391
16377
16404
16374
16389
16383
16381
16373
16373
16392
16381
16365
16377
16376
16387
16387
16387
16381
16360
16408
16405
0
0
0
0
0
0
0
0
0
0
0
0
0
0
0
0
0
0
0
0
0
0
0
0
0
0
0
0
0
10000
12
10000
2981883350
10000
16087
16075
16063
16083
16079
16055
16080
16093
16077
16079
16067
16091
16074
16081
16078
16063
16083
16072
16079
16080
16068
16066
16079
16069
16060
16082
16078
16078
16073
16092
16072
0
0
0
0
0
0
0
0
0
0
0
0
0
0
0
0
0
0
0
0
0
0
0
0
0
0
0
0
0
10000
11
10000
2984338285
10000
16384
16366
16401
16404
16357
16396
16403
16366
16407
16403
16362
16405
16396
16361
16393
16388
16355
16408
16390
16359
16406
16363
16362
16395
16366
16374
16381
16376
16362
16393
16383
0
0
0
0
0
0
0
0
0
0
0
0
0
0
0
0
0
0
0
0
0
0
0
0
0
0
0
0
0
10000
12
10000
2985071745
10000
16069
16084
16066
16065
16071
16070
16068
16071
16082
16070
16060
16076
16085
16068
16089
16076
16071
16068
16065
16069
16076
16053
16075
16073
16060
16067
16072
16067
16065
16080
16076
0
0
0
0
0
0
0
0
0
0
0
0
0
0
0
0
0
0
0
0
0
0
0
0
0
0
0
0
0
