10000
12
10000
2205269610
10000
16063
16075
16080
16076
16076
16070
16069
16065
16079
16062
16063
16075
16086
16059
16076
16067
16069
16069
16078
16052
16072
16091
16067
16089
16049
16069
16083
16068
16052
16083
16079
16083
16070
16054
16063
16061
16067
16055
16066
16070
16061
16076
16081
16073
16077
16083
16073
16064
16087
16074
16068
16085
16087
16060
16080
16067
16048
16081
16086
16076
10000
11
10000
2209699962
10000
16371
16373
16383
16371
16362
16383
16377
16373
16389
16364
16358
16397
16365
16351
16392
16358
16348
16396
16361
16354
16390
16367
16357
16389
16365
16378
16382
16369
16367
16383
16357
16357
16372
16372
16376
16382
16387
16377
16374
16370
16384
16378
16382
16391
16369
16392
16389
16363
16388
16381
16364
16360
16400
16373
16377
16395
16363
16376
16388
16389
10000
12
10000
2211419618
10000
16069
16085
16066
16055
16063
16064
16074
16061
16079
16072
16070
16086
16079
16076
16093
16070
16062
16084
16061
16046
16082
16060
16055
16079
16063
16069
16078
16072
16067
16095
16074
16076
16075
16079
16081
16069
16069
16088
16076
16083
16074
16073
16086
16079
16056
16092
16070
16062
16085
16076
16061
16075
16097
16072
16088
16083
16081
16094
16075
16065
10000
11
10000
2216998286
10000
16373
16352
16387
16364
16375
16373
16371
16385
16377
16362
16372
16378
16374
16370
16361
16387
16374
16379
16375
16385
16369
16383
16381
16372
16381
16390
16373
16382
16382
16374
16384
16385
16363
16379
16387
16355
16390
16391
16356
16392
16395
16367
16393
16389
16357
16396
16387
16353
16388
16380
16363
16384
16387
16360
16400
16390
16365
16390
16393
16357
10000
12
10000
2217732732
10000
16064
16094
16071
16083
16085
16088
16073
16091
16074
16089
16073
16080
16087
16066
16072
16078
16085
16080
16109
16061
16088
16096
16082
16087
16111
16068
16077
16095
16066
16070
16077
16066
16073
16077
16077
16083
16080
16081
16077
16079
16079
16064
16063
16086
16077
16082
16085
16073
16089
16075
16067
16078
16089
16068
16081
16087
16075
16080
16083
16095
10000
11
10000
2220188287
10000
16368
16389
16377
16376
16360
16376
16373
16396
16360
16365
16378
16376
16244
16377
16381
16393
16389
16382
16361
16355
16436
16311
16315
16421
16342
16335
16394
16366
16360
16391
16352
16374
0
0
0
0
0
0
0
0
0
0
0
0
0
0
0
0
0
0
0
0
0
0
0
0
0
0
0
0
10000
12
10000
2220921335
10000
16074
16063
16063
16047
16059
16058
16075
16070
16071
16071
16062
16069
16058
16078
16082
16054
16067
16054
16058
16063
16062
16056
16057
16070
16075
16113
16051
16070
16053
16077
16065
16081
0
0
0
0
0
0
0
0
0
0
0
0
0
0
0
0
0
0
0
0
0
0
0
0
0
0
0
0
10000
11
10000
2223375587
10000
16402
16358
16401
16346
16363
16391
16370
16400
16348
16407
16398
16347
16396
16382
16363
16380
16397
16370
16394
16392
16359
16379
16373
16357
16392
16365
16382
16376
16364
16396
16397
0
0
0
0
0
0
0
0
0
0
0
0
0
0
0
0
0
0
0
0
0
0
0
0
0
0
0
0
0
10000
12
10000
2224109372
10000
16093
16066
16066
16044
16080
16075
16068
16076
16079
16080
16078
16079
16057
16071
16093
16054
16066
16067
16049
16081
16062
16067
16076
16059
16055
16062
16061
16072
16064
16072
16060
0
0
0
0
0
0
0
0
0
0
0
0
0
0
0
0
0
0
0
0
0
0
0
0
0
0
0
0
0
10000
11
10000
2226565210
10000
16377
16373
16377
16362
16364
16395
16365
16363
16400
16361
16370
16390
16360
16361
16385
16372
16364
16396
16370
16351
16401
16353
16361
16394
16361
16357
16392
16350
16369
16398
16386
0
0
0
0
0
0
0
0
0
0
0
0
0
0
0
0
0
0
0
0
0
0
0
0
0
0
0
0
0
10000
12
10000
2227298851
10000
16054
16079
16054
16073
16059
16058
16074
16054
16084
16072
16068
16087
16076
16047
16071
16046
16060
16056
16055
16057
16087
16073
16089
16102
16075
16091
16095
16079
16096
16086
16083
0
0
0
0
0
0
0
0
0
0
0
0
0
0
0
0
0
0
0
0
0
0
0
0
0
0
0
0
0
10000
11
10000
2229754129
10000
16360
16361
16379
16351
16365
16384
16376
16369
16388
16362
16368
16390
16369
16378
16365
16376
16385
16371
16386
16377
16360
16376
16378
16367
16385
16385
16363
16388
16401
16354
16362
0
0
0
0
0
0
0
0
0
0
0
0
0
0
0
0
0
0
0
0
0
0
0
0
0
0
0
0
0
10000
12
10000
2230487706
10000
16097
16075
16094
16079
16091
16073
16077
16066
16077
16083
16070
16061
16073
16069
16073
16077
16055
16075
16062
16043
16052
16057
16059
16054
16093
16079
16101
16069
16066
16066
16071
0
0
0
0
0
0
0
0
0
0
0
0
0
0
0
0
0
0
0
0
0
0
0
0
0
0
0
0
0
10000
11
10000
2232942917
10000
16395
16399
16346
16410
16409
16349
16391
16390
16346
16405
16409
16346
16402
16392
16356
16397
16384
16365
16387
16406
16347
16404
16399
16351
16408
16388
16353
16394
16381
16367
16376
0
0
0
0
0
0
0
0
0
0
0
0
0
0
0
0
0
0
0
0
0
0
0
0
0
0
0
0
0
10000
12
10000
2233675424
10000
16059
16072
16083
16054
16074
16061
16071
16057
16061
16079
16076
16064
16059
16074
16062
16060
16068
16056
16059
16071
16076
16072
16060
16065
16085
16058
16074
16071
16065
16063
16071
0
0
0
0
0
0
0
0
0
0
0
0
0
0
0
0
0
0
0
0
0
0
0
0
0
0
0
0
0
10000
11
10000
2236129490
10000
16376
16360
16386
16385
16364
16381
16379
16372
16389
16363
16359
16393
16392
16367
16366
16385
16363
16376
16367
16354
16419
16338
16334
16413
16325
16316
16445
16318
16327
16404
16384
0
0
0
0
0
0
0
0
0
0
0
0
0
0
0
0
0
0
0
0
0
0
0
0
0
0
0
0
0
10000
12
10000
2236861999
10000
16058
16071
16074
16064
16054
16067
16045
16065
16067
16041
16068
16073
16055
16070
16075
16045
16066
16019
16065
16068
16058
16097
16067
16136
16102
16078
16093
16081
16112
16087
16085
0
0
0
0
0
0
0
0
0
0
0
0
0
0
0
0
0
0
0
0
0
0
0
0
0
0
0
0
0
10000
11
10000
2239316965
10000
16326
16429
16345
16389
16374
16383
16335
16326
16418
16353
16347
16382
16346
16366
16375
16373
16358
16385
16363
16353
16387
16375
16389
16361
16381
16377
16382
16388
16388
16373
16366
0
0
0
0
0
0
0
0
0
0
0
0
0
0
0
0
0
0
0
0
0
0
0
0
0
0
0
0
0
10000
12
10000
2240050457
10000
16094
16075
16084
16064
16079
16073
16086
16077
16077
16047
16060
16057
16063
16066
16077
16072
16059
16084
16063
16068
16078
16078
16068
16063
16060
16064
16055
16074
16061
16058
16062
0
0
0
0
0
0
0
0
0
0
0
0
0
0
0
0
0
0
0
0
0
0
0
0
0
0
0
0
0
10000
11
10000
2242506718
10000
16368
16392
16367
16356
16400
16359
16405
16390
16368
16384
16396
16345
16387
16412
16342
16394
16399
16358
16396
16388
16368
16394
16386
16357
16396
16400
16364
16401
16399
16350
16349
0
0
0
0
0
0
0
0
0
0
0
0
0
0
0
0
0
0
0
0
0
0
0
0
0
0
0
0
0
10000
12
10000
2243242893
10000
16063
16057
16059
16060
16054
16044
16048
16062
16072
16063
16068
16069
16079
16065
16075
16057
16048
16070
16067
16060
16075
16083
16061
16051
16054
16060
16053
16070
16060
16043
16057
0
0
0
0
0
0
0
0
0
0
0
0
0
0
0
0
0
0
0
0
0
0
0
0
0
0
0
0
0
10000
11
10000
2245696322
10000
16359
16387
16361
16360
16377
16368
16364
16381
16375
16380
16379
16376
16383
16372
16385
16385
16372
16394
16379
16366
16386
16371
16353
16392
16354
16360
16390
16369
16365
16390
16396
0
0
0
0
0
0
0
0
0
0
0
0
0
0
0
0
0
0
0
0
0
0
0
0
0
0
0
0
0
10000
12
10000
2246429923
10000
16061
16047
16050
16078
16069
16055
16056
16056
16063
16062
16065
16045
16048
16060
16052
16078
16057
16071
16069
16053
16058
16056
16057
16084
16076
16066
16091
16080
16072
16086
16066
0
0
0
0
0
0
0
0
0
0
0
0
0
0
0
0
0
0
0
0
0
0
0
0
0
0
0
0
0
10000
11
10000
2248885813
10000
16398
16346
16393
16402
16352
16393
16388
16355
16406
16391
16349
16413
16391
16356
16382
16390
16347
16383
16402
16353
16388
16385
16377
16379
16389
16365
16391
16377
16378
16370
16379
0
0
0
0
0
0
0
0
0
0
0
0
0
0
0
0
0
0
0
0
0
0
0
0
0
0
0
0
0
10000
12
10000
2249619371
10000
16056
16080
16072
16073
16076
16064
16064
16074
16083
16070
16087
16063
16066
16074
16073
16068
16072
16067
16089
16058
16068
16093
16066
16075
16070
16069
16081
16073
16073
16080
16076
0
0
0
0
0
0
0
0
0
0
0
0
0
0
0
0
0
0
0
0
0
0
0
0
0
0
0
0
0
10000
11
10000
2252078382
10000
16381
16384
16379
16371
16383
16365
16382
16374
16377
16369
16389
16364
16362
16399
16360
16358
16392
16364
16352
16391
16352
16353
16380
16350
16345
16400
16362
16356
16410
16402
16352
0
0
0
0
0
0
0
0
0
0
0
0
0
0
0
0
0
0
0
0
0
0
0
0
0
0
0
0
0
10000
12
10000
2252813845
10000
16067
16064
16064
16061
16058
16071
16057
16053
16066
16069
16067
16077
16069
16080
16086
16066
16063
16069
16062
16068
16071
16076
16068
16054
16068
16061
16063
16072
16072
16060
16055
0
0
0
0
0
0
0
0
0
0
0
0
0
0
0
0
0
0
0
0
0
0
0
0
0
0
0
0
0
10000
11
10000
2255268933
10000
16365
16386
16356
16355
16402
16350
16357
16415
16359
16366
16385
16362
16358
16382
16367
16353
16376
16368
16363
16388
16372
16374
16375
16380
16387
16382
16375
16384
16357
16356
16377
0
0
0
0
0
0
0
0
0
0
0
0
0
0
0
0
0
0
0
0
0
0
0
0
0
0
0
0
0
10000
12
10000
2256001595
10000
16055
16047
16052
16056
16056
16055
16065
16041
16063
16048
16063
16065
16054
16047
16057
16058
16063
16064
16069
16063
16075
16061
16054
16064
16066
16085
16057
16052
16074
16080
16068
0
0
0
0
0
0
0
0
0
0
0
0
0
0
0
0
0
0
0
0
0
0
0
0
0
0
0
0
0
10000
11
10000
2258456668
10000
16394
16368
16386
16392
16352
16391
16390
16361
16399
16389
16367
16399
16404
16349
16381
16395
16356
16394
16385
16347
16396
16403
16358
16400
16390
16357
16396
16378
16373
16374
16388
0
0
0
0
0
0
0
0
0
0
0
0
0
0
0
0
0
0
0
0
0
0
0
0
0
0
0
0
0
10000
12
10000
2259189326
10000
16058
16066
16064
16071
16063
16063
16061
16074
16069
16055
16071
16051
16062
16048
16058
16062
16063
16066
16049
16072
16061
16059
16065
16063
16076
16081
16072
16076
16073
16071
16079
0
0
0
0
0
0
0
0
0
0
0
0
0
0
0
0
0
0
0
0
0
0
0
0
0
0
0
0
0
10000
11
10000
2261644276
10000
16385
16376
16390
16381
16373
16380
16392
16367
16377
16370
16387
16374
16367
16373
16370
16368
16389
16369
16368
16388
16365
16365
16383
16357
16361
16392
16361
16362
16395
16393
16369
0
0
0
0
0
0
0
0
0
0
0
0
0
0
0
0
0
0
0
0
0
0
0
0
0
0
0
0
0
10000
12
10000
2262377879
10000
16056
16061
16066
16057
16057
16063
16060
16074
16061
16081
16063
16074
16077
16079
16067
16063
16063
16041
16063
16066
16063
16061
16065
16060
16052
16065
16061
16059
16057
16058
16068
0
0
0
0
0
0
0
0
0
0
0
0
0
0
0
0
0
0
0
0
0
0
0
0
0
0
0
0
0
10000
11
10000
2264832781
10000
16365
16396
16356
16360
16397
16363
16364
16393
16349
16363
16398
16354
16370
16387
16350
16346
16396
16355
16349
16394
16371
16373
16396
16378
16377
16376
16382
16378
16372
16366
16384
0
0
0
0
0
0
0
0
0
0
0
0
0
0
0
0
0
0
0
0
0
0
0
0
0
0
0
0
0
10000
12
10000
2265565332
10000
16061
16055
16075
16075
16065
16049
16047
16080
16063
16061
16052
16066
16061
16053
16050
16055
16070
16065
16054
16067
16071
16078
16075
16070
16065
16062
16073
16072
16079
16068
16076
0
0
0
0
0
0
0
0
0
0
0
0
0
0
0
0
0
0
0
0
0
0
0
0
0
0
0
0
0
10000
11
10000
2268020225
10000
16398
16360
16389
16387
16354
16397
16380
16376
16387
16372
16371
16386
16393
16355
16394
16391
16373
16380
16396
16360
16394
16382
16361
16389
16382
16378
16392
16390
16368
16362
16385
0
0
0
0
0
0
0
0
0
0
0
0
0
0
0
0
0
0
0
0
0
0
0
0
0
0
0
0
0
10000
12
10000
2268754787
10000
16078
16069
16080
16073
16063
16077
16062
16066
16074
16074
16067
16068
16071
16068
16074
16069
16079
16064
16063
16053
16066
16071
16067
16066
16048
16064
16049
16065
16076
16063
16068
0
0
0
0
0
0
0
0
0
0
0
0
0
0
0
0
0
0
0
0
0
0
0
0
0
0
0
0
0
10000
11
10000
2271207768
10000
16389
16362
16387
16378
16367
16384
16395
16372
16378
16391
16358
16399
16383
16374
16379
16375
16368
16359
16381
16379
16387
16371
16376
16371
16369
16386
16378
16378
16381
16382
16383
0
0
0
0
0
0
0
0
0
0
0
0
0
0
0
0
0
0
0
0
0
0
0
0
0
0
0
0
0
10000
12
10000
2272925689
10000
16061
16071
16056
16070
16059
16055
16079
16070
16054
16060
16051
16072
16072
16076
16053
16061
16059
16082
16068
16065
16069
16062
16063
16061
16072
16067
16050
16060
16052
16066
16053
16076
16046
16052
16064
16062
16064
16068
16066
16068
0
0
0
0
0
0
0
0
0
0
0
0
0
0
0
0
0
0
0
0
10000
11
10000
2277350455
10000
16370
16381
16363
16358
16398
16352
16362
16390
16365
16358
16397
16350
16368
16400
16355
16350
16387
16351
16348
16397
16350
16364
16390
16353
16361
16396
16367
16362
16387
16375
16356
16386
16377
16373
16367
16368
16379
16376
16355
16386
16377
16382
16376
16364
16392
16373
16375
16385
16396
16362
16395
16387
16370
16382
16396
16369
16377
16387
16366
16378
10000
12
10000
2279068404
10000
16062
16071
16061
16069
16070
16068
16064
16051
16054
16056
16052
16075
16057
16053
16053
16062
16068
16070
16069
16074
16064
16061
16071
16072
16062
16072
16076
16070
16078
16076
16063
16062
16076
16063
16051
16048
16072
16059
16059
16053
16047
16065
16049
16073
16062
16059
16065
16069
16051
16065
16056
16057
16046
16058
16062
16059
16064
16073
16060
16054
10000
11
10000
2283494072
10000
16383
16368
16384
16393
16368
16392
16411
16354
16387
16403
16366
16386
16389
16357
16392
16393
16373
16391
16383
16374
16391
16383
16378
16375
16389
16373
16376
16380
16378
16392
16393
16386
16380
16384
16376
16374
16386
16376
16377
16374
16385
16360
16362
16384
16367
16360
16401
16360
16365
16344
16402
16354
16358
16392
16355
16359
16389
16359
16363
16382
10000
12
10000
2285213000
10000
16072
16053
16055
16065
16061
16056
16051
16056
16052
16053
16055
16054
16061
16050
16064
16059
16037
16062
16043
16071
16047
16074
16057
16063
16072
16063
16071
16061
16066
16054
16049
16071
16075
16070
16077
16073
16060
16079
16073
16067
16064
16067
16057
16069
16069
16067
16063
16069
16069
16065
10000
11
10000
2289638930
10000
16390
16355
16378
16399
16360
16391
16388
16364
16389
16384
16364
16382
16380
16382
16379
16372
16379
16389
16375
16363
16387
16375
16380
16377
16384
16382
16366
16372
16383
16369
16371
16383
16355
16367
16364
16375
16355
16382
16368
16367
16397
16362
16385
16396
16362
16365
16390
16368
16361
16385
16398
16346
16397
16396
16364
16392
16384
16373
16386
16378
10000
12
10000
2291356455
10000
16064
16064
16057
16067
16079
16071
16064
16057
16068
16062
16051
16050
16051
16043
16057
16065
16050
16064
16057
16053
16047
16049
16054
16042
16045
16054
16036
16042
16053
16054
16057
16073
16056
16055
16070
16053
16062
16069
16046
16064
16062
16050
16049
16058
16047
16056
16047
16060
16057
16063
16061
16076
16057
16063
16066
16063
16057
16076
16067
16063
10000
11
10000
2295781064
10000
16384
16363
16381
16378
16367
16398
16381
16356
16401
16381
16368
16372
16371
16386
16372
16376
16371
16381
16371
16385
16373
16381
16381
16375
16362
16392
16358
16369
16382
16360
16365
16385
16371
16358
16396
16364
16364
16404
16352
16372
16388
16370
16363
16385
16365
16362
16387
16376
16367
16375
16382
16371
16395
16384
16375
16371
16390
16362
16383
16379
10000
12
10000
2297500034
10000
16071
16071
16062
16055
16051
16059
16063
16050
16071
16082
16078
16078
16088
16068
16085
16065
16074
16062
16077
16059
16080
16061
16066
16068
16068
16069
16070
16059
16069
16058
16061
16063
16058
16053
16058
16069
16061
16064
16072
16069
16066
16069
16064
16072
16056
16067
16073
16067
16054
16062
16073
16078
16071
16082
16065
16086
16075
16072
16072
16066
10000
11
10000
2301925556
10000
16377
16378
16372
16382
16367
16382
16382
16379
16379
16378
16368
16380
16373
16377
16363
16372
16395
16375
16374
16386
16370
16369
16385
16387
16360
16386
16378
16364
16386
16358
16366
16382
16366
16370
16380
16369
16371
16387
16371
16363
16381
16365
16393
16382
16363
16361
16389
16365
16361
16384
16381
16373
16386
16374
16373
16381
16367
16387
16369
16368
10000
12
10000
2303644480
10000
16076
16069
16056
16068
16067
16071
16066
16066
16057
16068
16069
16063
16068
16065
16074
16092
16065
16086
16074
16069
16074
16064
16082
16074
16064
16069
16075
16069
16084
16056
16062
16080
16055
16085
16065
16081
16080
16071
16071
16068
16067
16038
16080
16069
16068
16070
16074
16062
16074
16069
16062
16072
16061
16070
16074
16066
16074
16064
16062
16071
10000
11
10000
2308071412
10000
16368
16388
16378
16373
16382
16373
16366
16388
16376
16376
16382
16360
16367
16383
16358
16361
16383
16373
16361
16393
16366
16370
16389
16368
16367
16382
16376
16380
16376
16370
16358
16388
16386
16371
16385
16370
16366
16393
16364
16368
16372
16381
16371
16397
16361
16371
16392
16383
16368
16372
16370
16380
16380
16387
16382
16362
16371
16410
16352
16393
10000
12
10000
2309789321
10000
16083
16076
16061
16082
16066
16062
16079
16075
16074
16089
16078
16082
16066
16078
16100
16055
16072
16079
16076
16070
16066
16061
16066
16071
16080
16079
16069
16090
16078
16080
16064
16073
16067
16067
16076
16058
16058
16067
16062
16075
16088
16082
16075
16067
16069
16077
16065
16096
16071
16083
16086
16082
16108
16086
16052
16077
16096
16073
16098
16072
10000
11
10000
2316354486
10000
16314
16451
16426
16346
16368
16417
16352
16413
16400
16371
16380
16376
16360
16394
16342
16362
16386
16387
16386
16376
16380
16367
16384
16367
16369
16377
16380
16377
16371
16370
16378
16385
16357
16362
16392
16355
16373
16387
16360
16366
16385
16367
16357
16391
16359
16378
16392
16375
16381
16384
16368
16372
16382
16369
16368
16370
16364
16363
16396
16407
