10000
11
10000
1637443011
10000
16286
16420
16270
16403
16304
16435
16409
16360
16399
16385
16352
16357
16358
16421
16342
16369
16347
16382
16381
16384
16349
16354
16388
16349
16365
16377
16353
16349
16395
16382
16346
0
0
0
0
0
0
0
0
0
0
0
0
0
0
0
0
0
0
0
0
0
0
0
0
0
0
0
0
0
10000
12
10000
1638175444
10000
16086
15982
16048
16014
16071
16060
16081
16065
16007
16052
16050
16056
16070
16003
16023
16017
16026
16053
16046
16030
16043
16041
16010
16030
16006
16012
15994
16009
16032
16038
16050
0
0
0
0
0
0
0
0
0
0
0
0
0
0
0
0
0
0
0
0
0
0
0
0
0
0
0
0
0
10000
11
10000
1640629893
10000
16357
16387
16361
16363
16380
16361
16359
16384
16362
16352
16390
16358
16355
16398
16348
16352
16388
16355
16347
16388
16373
16351
16371
16362
16375
16371
16370
16389
16343
16359
16384
0
0
0
0
0
0
0
0
0
0
0
0
0
0
0
0
0
0
0
0
0
0
0
0
0
0
0
0
0
10000
12
10000
1641362373
10000
16036
16038
16045
16023
16044
16044
16032
16033
16038
16033
16025
16037
16024
16034
16043
16042
16042
16038
16046
16064
16067
16038
16026
16026
16048
16033
16026
16050
16039
16039
16051
0
0
0
0
0
0
0
0
0
0
0
0
0
0
0
0
0
0
0
0
0
0
0
0
0
0
0
0
0
10000
11
10000
1643817216
10000
16380
16370
16369
16381
16376
16380
16385
16354
16383
16383
16352
16397
16379
16354
16382
16403
16343
16381
16386
16364
16376
16378
16353
16387
16393
16335
16396
16392
16356
16351
16402
0
0
0
0
0
0
0
0
0
0
0
0
0
0
0
0
0
0
0
0
0
0
0
0
0
0
0
0
0
10000
12
10000
1644550326
10000
16058
16044
16058
16069
16057
16056
16067
16043
16055
16048
16054
16043
16061
16063
16055
16058
16039
16043
16054
16046
16055
16083
16074
16054
16073
16059
16059
16079
16073
16069
16070
0
0
0
0
0
0
0
0
0
0
0
0
0
0
0
0
0
0
0
0
0
0
0
0
0
0
0
0
0
10000
11
10000
1647004791
10000
16385
16346
16391
16378
16359
16370
16381
16349
16393
16374
16354
16375
16364
16364
16385
16370
16369
16378
16362
16377
16366
16363
16379
16367
16369
16377
16359
16348
16386
16373
16362
0
0
0
0
0
0
0
0
0
0
0
0
0
0
0
0
0
0
0
0
0
0
0
0
0
0
0
0
0
10000
12
10000
1647737263
10000
16094
16053
16078
16071
16055
16049
16065
16071
16072
16066
16069
16072
16067
16076
16046
16063
16074
16074
16076
16080
16060
16070
16080
16067
16072
16093
16068
16069
16058
16069
16066
0
0
0
0
0
0
0
0
0
0
0
0
0
0
0
0
0
0
0
0
0
0
0
0
0
0
0
0
0
10000
11
10000
1650194726
10000
16352
16389
16342
16355
16396
16348
16332
16411
16335
16349
16405
16333
16346
16394
16348
16359
16366
16364
16360
16384
16361
16351
16398
16368
16348
16393
16345
16363
16399
16397
16351
0
0
0
0
0
0
0
0
0
0
0
0
0
0
0
0
0
0
0
0
0
0
0
0
0
0
0
0
0
10000
12
10000
1650929103
10000
16083
16068
16072
16073
16054
16067
16063
16070
16051
16050
16054
16062
16061
16070
16076
16089
16065
16044
16065
16075
16082
16042
16049
16071
16039
16068
16059
16029
16075
16072
16050
0
0
0
0
0
0
0
0
0
0
0
0
0
0
0
0
0
0
0
0
0
0
0
0
0
0
0
0
0
10000
11
10000
1653383627
10000
16362
16388
16351
16357
16372
16348
16358
16380
16352
16388
16356
16370
16363
16370
16365
16373
16370
16346
16399
16332
16414
16416
16306
16421
16495
16298
16479
16491
16254
16297
16462
0
0
0
0
0
0
0
0
0
0
0
0
0
0
0
0
0
0
0
0
0
0
0
0
0
0
0
0
0
10000
12
10000
1654116097
10000
16065
16072
16109
16006
16074
16047
16086
16058
16064
16062
16052
16067
16008
16063
16069
16057
16048
15839
15977
16060
16093
16043
16089
16071
16084
15998
16068
16070
16058
16046
16063
0
0
0
0
0
0
0
0
0
0
0
0
0
0
0
0
0
0
0
0
0
0
0
0
0
0
0
0
0
10000
11
10000
1656571525
10000
16373
16350
16392
16389
16372
16376
16360
16382
16364
16358
16364
16376
16410
16307
16421
16402
16350
16395
16396
16346
16392
16396
16358
16368
16378
16366
16376
16377
16364
16362
16354
0
0
0
0
0
0
0
0
0
0
0
0
0
0
0
0
0
0
0
0
0
0
0
0
0
0
0
0
0
10000
12
10000
1657304052
10000
16041
16054
16075
15998
16036
16038
16067
16078
16081
16047
16080
16053
16066
16044
16045
16074
16051
16061
16067
16058
16045
16073
16062
16050
16050
16046
16016
16050
16066
16069
16048
0
0
0
0
0
0
0
0
0
0
0
0
0
0
0
0
0
0
0
0
0
0
0
0
0
0
0
0
0
10000
11
10000
1659760441
10000
16372
16388
16370
16377
16359
16381
16377
16382
16363
16358
16391
16341
16351
16386
16343
16344
16411
16321
16329
16418
16333
16348
16403
16342
16323
16427
16303
16290
16465
16435
16325
0
0
0
0
0
0
0
0
0
0
0
0
0
0
0
0
0
0
0
0
0
0
0
0
0
0
0
0
0
10000
12
10000
1660493929
10000
16071
16054
16051
16059
16039
16051
16042
16072
16040
16073
16034
16042
16053
16048
16052
16076
16046
16154
16008
16101
16077
16023
16078
16052
16099
16044
16064
16092
16091
16041
16075
0
0
0
0
0
0
0
0
0
0
0
0
0
0
0
0
0
0
0
0
0
0
0
0
0
0
0
0
0
10000
11
10000
1662950361
10000
16342
16394
16356
16377
16379
16348
16363
16375
16373
16369
16372
16354
16363
16377
16370
16376
16355
16375
16370
16364
16378
16378
16367
16384
16373
16363
16392
16385
16362
16362
16397
0
0
0
0
0
0
0
0
0
0
0
0
0
0
0
0
0
0
0
0
0
0
0
0
0
0
0
0
0
10000
12
10000
1663683915
10000
16039
16077
16064
16056
16062
16059
16065
16069
16080
16065
16046
16056
16049
16070
16065
16057
16050
16056
16040
16065
16064
16042
16047
16051
16046
16067
16051
16048
16047
16058
16049
0
0
0
0
0
0
0
0
0
0
0
0
0
0
0
0
0
0
0
0
0
0
0
0
0
0
0
0
0
10000
11
10000
1666139416
10000
16393
16364
16385
16397
16338
16401
16394
16342
16387
16392
16351
16390
16394
16362
16393
16377
16378
16371
16386
16357
16380
16387
16350
16393
16393
16372
16391
16373
16363
16386
16356
0
0
0
0
0
0
0
0
0
0
0
0
0
0
0
0
0
0
0
0
0
0
0
0
0
0
0
0
0
10000
12
10000
1666872945
10000
16059
16056
16057
16060
16066
16055
16089
16050
16057
16054
16058
16075
16069
16075
16058
16104
16062
16062
16073
16042
16068
16076
16068
16063
16060
16080
16059
16084
16074
16069
16075
0
0
0
0
0
0
0
0
0
0
0
0
0
0
0
0
0
0
0
0
0
0
0
0
0
0
0
0
0
10000
11
10000
1669328917
10000
16341
16373
16355
16355
16379
16363
16354
16389
16350
16360
16371
16383
16375
16356
16367
16353
16366
16363
16389
16339
16397
16381
16383
16355
16357
16391
16344
16355
16391
16409
16342
0
0
0
0
0
0
0
0
0
0
0
0
0
0
0
0
0
0
0
0
0
0
0
0
0
0
0
0
0
10000
12
10000
1671046412
10000
16066
16071
16080
16076
16070
16053
16053
16061
16069
16062
16103
16033
16059
16061
16056
16053
16051
16053
16070
16056
16062
16063
16052
16051
16059
16053
16053
16047
16053
16050
16051
16050
16067
16060
16061
16069
16061
16061
16061
16051
16042
0
0
0
0
0
0
0
0
0
0
0
0
0
0
0
0
0
0
0
10000
11
10000
1673500886
10000
16346
16387
16357
16362
16378
16357
16357
16388
16357
16355
16387
16367
16362
16379
16366
16368
16378
16371
16369
16365
16366
16363
16381
16363
16373
16379
16380
16389
16369
16377
16378
16359
16380
16383
16352
16373
16383
16366
16379
16381
16372
0
0
0
0
0
0
0
0
0
0
0
0
0
0
0
0
0
0
0
10000
12
10000
1674233455
10000
16060
16043
16055
16055
16052
16064
16067
16060
16064
16060
16063
16076
16062
16065
16053
16055
16056
16072
16059
16065
16053
16050
16047
16061
16048
16064
16052
16039
16052
16053
16054
0
0
0
0
0
0
0
0
0
0
0
0
0
0
0
0
0
0
0
0
0
0
0
0
0
0
0
0
0
10000
11
10000
1676686960
10000
16353
16392
16360
16365
16378
16358
16361
16390
16346
16350
16380
16361
16351
16382
16373
16356
16394
16341
16356
16389
16343
16358
16389
16352
16355
16382
16366
16357
16380
16382
16356
0
0
0
0
0
0
0
0
0
0
0
0
0
0
0
0
0
0
0
0
0
0
0
0
0
0
0
0
0
10000
12
10000
1677419425
10000
16049
16062
16067
16058
16048
16056
16063
16049
16037
16064
16037
16064
16047
16059
16049
16063
16043
16069
16065
16062
16072
16052
16065
16054
16062
16071
16084
16078
16072
16055
16078
0
0
0
0
0
0
0
0
0
0
0
0
0
0
0
0
0
0
0
0
0
0
0
0
0
0
0
0
0
10000
11
10000
1679872962
10000
16361
16377
16378
16370
16371
16363
16378
16371
16368
16370
16363
16382
16378
16351
16393
16390
16357
16388
16375
16365
16382
16379
16364
16369
16377
16357
16380
16397
16355
16357
16386
0
0
0
0
0
0
0
0
0
0
0
0
0
0
0
0
0
0
0
0
0
0
0
0
0
0
0
0
0
10000
12
10000
1680605519
10000
16070
16087
16069
16085
16082
16071
16088
16060
16062
16090
16077
16057
16078
16066
16072
16078
16069
16069
16060
16056
16050
16057
16066
16056
16062
16063
16060
16058
16071
16072
16052
0
0
0
0
0
0
0
0
0
0
0
0
0
0
0
0
0
0
0
0
0
0
0
0
0
0
0
0
0
10000
11
10000
1683060128
10000
16381
16360
16383
16384
16349
16379
16376
16354
16374
16388
16357
16387
16390
16350
16378
16379
16368
16370
16370
16371
16372
16368
16367
16361
16355
16399
16346
16366
16393
16343
16358
0
0
0
0
0
0
0
0
0
0
0
0
0
0
0
0
0
0
0
0
0
0
0
0
0
0
0
0
0
10000
12
10000
1683793718
10000
16067
16056
16060
16057
16064
16056
16069
16056
16055
16047
16062
16056
16063
16071
16065
16079
16068
16049
16050
16065
16065
16057
16028
16044
16094
16058
16077
16071
16067
16052
16065
0
0
0
0
0
0
0
0
0
0
0
0
0
0
0
0
0
0
0
0
0
0
0
0
0
0
0
0
0
10000
11
10000
1686248206
10000
16360
16392
16347
16365
16386
16353
16336
16399
16349
16362
16357
16378
16356
16384
16362
16358
16394
16338
16344
16392
16351
16344
16406
16355
16344
16377
16357
16363
16381
16377
16359
0
0
0
0
0
0
0
0
0
0
0
0
0
0
0
0
0
0
0
0
0
0
0
0
0
0
0
0
0
10000
12
10000
1686983730
10000
16035
16045
16054
16064
16074
16049
16053
16065
16071
16057
16073
16069
16066
16069
16075
16048
16075
16068
16065
16062
16057
16044
16055
16046
16053
16061
16080
16077
16074
16061
16072
0
0
0
0
0
0
0
0
0
0
0
0
0
0
0
0
0
0
0
0
0
0
0
0
0
0
0
0
0
10000
11
10000
1689437301
10000
16361
16375
16359
16356
16383
16369
16365
16364
16364
16357
16372
16367
16376
16359
16378
16362
16366
16381
16373
16365
16384
16364
16375
16357
16377
16371
16372
16369
16369
16371
16371
0
0
0
0
0
0
0
0
0
0
0
0
0
0
0
0
0
0
0
0
0
0
0
0
0
0
0
0
0
10000
12
10000
1690170931
10000
16072
16042
16061
16051
16052
16059
16059
16043
16067
16051
16050
16083
16068
16058
16048
16061
16061
16067
16055
16062
16066
16055
16052
16055
16064
16062
16052
16059
16045
16062
16050
0
0
0
0
0
0
0
0
0
0
0
0
0
0
0
0
0
0
0
0
0
0
0
0
0
0
0
0
0
10000
12
10000
1693366014
10000
16055
16050
16049
16061
16059
16047
16050
16058
16052
16052
16053
16055
16067
16050
16071
16053
16059
16048
16063
16060
16063
16074
16050
16060
16063
16062
16069
16062
16059
16061
16055
0
0
0
0
0
0
0
0
0
0
0
0
0
0
0
0
0
0
0
0
0
0
0
0
0
0
0
0
0
10000
11
10000
1695820588
10000
16373
16370
16364
16372
16377
16366
16363
16376
16369
16366
16369
16375
16359
16380
16342
16357
16392
16366
16362
16376
16349
16349
16386
16379
16382
16376
16370
16352
16378
16358
16362
0
0
0
0
0
0
0
0
0
0
0
0
0
0
0
0
0
0
0
0
0
0
0
0
0
0
0
0
0
10000
12
10000
1696553229
10000
16075
16073
16068
16053
16062
16061
16050
16063
16052
16060
16064
16061
16052
16077
16068
16070
16062
16068
16080
16070
16073
16068
16080
16068
16084
16084
16065
16074
16055
16082
16076
0
0
0
0
0
0
0
0
0
0
0
0
0
0
0
0
0
0
0
0
0
0
0
0
0
0
0
0
0
10000
11
10000
1699006793
10000
16371
16376
16365
16359
16386
16349
16359
16386
16357
16365
16372
16368
16370
16359
16379
16382
16352
16372
16372
16394
16353
16360
16383
16360
16356
16364
16368
16364
16354
16366
16381
0
0
0
0
0
0
0
0
0
0
0
0
0
0
0
0
0
0
0
0
0
0
0
0
0
0
0
0
0
10000
12
10000
1699739425
10000
16070
16058
16064
16055
16021
16062
16055
16047
16058
16055
16064
16065
16063
16056
16062
16046
16059
16074
16058
16061
16059
16060
16061
16081
16065
16066
16054
16064
16051
16046
16060
0
0
0
0
0
0
0
0
0
0
0
0
0
0
0
0
0
0
0
0
0
0
0
0
0
0
0
0
0
10000
11
10000
1704178802
10000
16399
16344
16386
16388
16358
16375
16382
16363
16384
16375
16366
16379
16386
16369
16369
16370
16367
16378
16375
16364
16385
16380
16368
16385
16373
16377
16363
16354
16376
16371
16370
16375
16379
16367
16371
16384
16320
16447
16320
16338
16396
16387
16391
16361
16343
16387
16328
16447
16417
16393
0
0
0
0
0
0
0
0
0
0
10000
12
10000
1705896856
10000
16060
16050
16062
16058
16074
16058
16065
16054
16067
16054
16067
16069
16060
16064
16072
16062
16053
16075
16055
16073
16077
16074
16080
16067
16074
16064
16071
16052
16059
16114
16031
16037
16064
16060
16087
16071
16078
16035
16029
16054
16113
16083
16100
16041
16078
16063
16076
16079
16087
16074
16072
16078
16049
16077
16057
16067
16069
16074
16056
16066
10000
11
10000
1710324222
10000
16345
16388
16382
16353
16379
16370
16369
16361
16354
16389
16359
16363
16382
16357
16365
16367
16377
16358
16379
16367
16366
16383
16365
16360
16379
16360
16367
16373
16376
16365
16370
16371
16362
16371
16385
16371
16366
16373
16372
16366
16375
16381
16367
16364
16368
16352
16380
16386
16362
16349
16368
16363
16364
16388
16363
16355
16386
16364
16370
16370
10000
12
10000
1712043427
10000
16073
16084
16065
16076
16078
16059
16063
16071
16061
16064
16069
16069
16059
16058
16066
16050
16079
16068
16064
16067
16057
16050
16074
16056
16056
16071
16062
16068
16063
16067
16065
16051
16047
16069
16059
16069
16055
16060
16078
16063
16072
16079
16059
16076
16064
16074
16083
16070
16071
16058
16074
16054
16055
16061
16067
16062
16065
16057
16077
16056
10000
11
10000
1716469013
10000
16377
16374
16367
16376
16361
16370
16384
16364
16359
16368
16372
16370
16372
16355
16349
16384
16361
16367
16369
16368
16371
16382
16357
16377
16373
16368
16366
16378
16374
16375
16378
16374
16376
16366
16368
16382
16361
16382
16364
16365
16369
16374
16366
16379
16378
16381
16363
16380
16371
16346
16385
16362
16373
16368
16363
16369
16384
16349
16369
16397
10000
12
10000
1718187025
10000
16073
16096
16044
16068
16069
16048
16069
16076
16048
16050
16061
16047
16055
16073
16056
16068
16058
16060
16076
16062
16065
16050
16073
16059
16060
16055
16059
16060
16054
16063
16060
16059
16074
16049
16067
16068
16058
16054
16040
16039
16082
16028
16049
16066
16070
16050
16058
16062
16051
16057
16075
16066
16045
16061
16042
16056
16048
16047
16048
16055
10000
11
10000
1722613155
10000
16365
16398
16360
16379
16356
16367
16373
16384
16379
16372
16381
16380
16366
16370
16370
16363
16374
16366
16375
16393
16389
16356
16393
16373
16374
16370
16365
16373
16361
16376
16373
16375
16367
16377
16379
16380
16360
16384
16380
16369
16376
16368
16373
16374
16368
16368
16373
16366
16370
16367
16371
16372
16373
16378
16378
16372
16373
16377
16367
16372
10000
12
10000
1724331783
10000
16038
16047
16078
16063
16082
16058
16089
16047
16071
16073
16066
16049
16046
16070
16041
16061
16053
16065
16062
16040
16061
16063
16064
16036
16039
16047
16065
16061
16051
16057
16068
16075
16068
16063
16063
16064
16040
16049
16066
16054
16065
16037
16056
16061
16063
16051
16075
16059
16062
16068
16082
16064
16059
16070
16048
16065
16071
16066
16054
16041
10000
11
10000
1728757069
10000
16365
16366
16358
16365
16372
16378
16369
16370
16365
16372
16371
16385
16357
16374
16375
16378
16372
16369
16384
16355
16382
16366
16384
16393
16349
16383
16387
16363
16372
16362
16385
16369
16377
16367
16364
16384
16366
16377
16367
16358
16375
16378
16379
16362
16369
16380
16358
16368
16374
16362
16376
16358
16375
16370
16373
16370
16376
16374
16368
16380
10000
12
10000
1730476144
10000
16054
16047
16050
16059
16082
16040
16068
16065
16066
16065
16052
16060
16060
16071
16043
16071
16059
16068
16059
16053
16052
16051
16054
16065
16063
16048
16052
16064
16070
16079
16042
16061
16068
16062
16061
16054
16051
16072
16045
16066
16073
16057
16048
16076
16046
16053
16048
16055
16057
16046
16063
16050
16043
16054
16046
16042
16037
16051
16056
16038
10000
11
10000
1735899078
10000
16386
16351
16361
16370
16367
16357
16376
16381
16361
16370
16360
16367
16372
16372
16381
16368
16366
16372
16367
16374
16369
16370
16377
16366
16369
16377
16373
16371
16368
16378
16366
16387
16375
16366
16376
16374
16368
16385
16384
16354
16388
16372
16368
16371
16360
16369
16375
16379
16356
16357
16372
16360
16358
16385
16365
16363
16373
16379
16373
16357
10000
12
10000
1737618411
10000
16060
16049
16056
16054
16054
16053
16051
16044
16055
16049
16038
16044
16040
16041
16036
16055
16060
16041
16040
16045
16034
16047
16038
16031
16055
16043
16049
16038
16044
16047
16049
16031
16049
16050
16048
16054
16060
16038
16038
16059
16055
16047
16061
16049
16039
16060
16048
16043
16054
16055
16048
16036
16054
16022
16032
16043
16033
16032
16074
16055
10000
11
10000
1746156302
10000
16380
16375
16378
16374
16380
16390
16380
16349
16385
16374
16372
16368
16370
16362
16383
16365
16370
16376
16378
16370
16371
16369
16359
16375
16373
16372
16362
16385
16371
16364
16378
16364
16354
16373
16372
16364
16371
16376
16369
16374
16379
16356
16390
16389
16362
16397
16380
16378
16376
16374
16362
16353
16375
16352
16387
16387
16357
16392
16377
16377
