10000
11
10000
1336906173
10000
16381
16355
16364
16383
16357
16349
16371
16356
16350
16382
16347
16345
16391
16345
16338
16395
16336
16348
16384
16359
16341
16394
16339
16338
16386
16342
16340
16386
16336
16351
16347
0
0
0
0
0
0
0
0
0
0
0
0
0
0
0
0
0
0
0
0
0
0
0
0
0
0
0
0
0
10000
12
10000
1337639864
10000
16074
16057
16053
16067
16054
16052
16069
16058
16048
16071
16046
16064
16048
16050
16064
16061
16069
16068
16059
16060
16062
16049
16067
16066
16053
16050
16055
16067
16061
16065
16050
0
0
0
0
0
0
0
0
0
0
0
0
0
0
0
0
0
0
0
0
0
0
0
0
0
0
0
0
0
10000
11
10000
1340094940
10000
16391
16355
16360
16382
16357
16366
16371
16360
16359
16355
16366
16368
16350
16371
16360
16362
16374
16371
16364
16374
16376
16362
16375
16385
16360
16375
16377
16343
16383
16379
16381
0
0
0
0
0
0
0
0
0
0
0
0
0
0
0
0
0
0
0
0
0
0
0
0
0
0
0
0
0
10000
12
10000
1340828735
10000
16064
16065
16057
16070
16062
16058
16066
16057
16055
16062
16074
16056
16052
16075
16053
16058
16067
16064
16066
16053
16075
16043
16079
16059
16062
16063
16065
16045
16078
16070
16063
0
0
0
0
0
0
0
0
0
0
0
0
0
0
0
0
0
0
0
0
0
0
0
0
0
0
0
0
0
10000
11
10000
1343285807
10000
16347
16383
16393
16341
16392
16383
16351
16384
16381
16351
16391
16391
16344
16382
16385
16345
16383
16387
16349
16382
16382
16347
16383
16384
16358
16368
16387
16357
16371
16373
16361
0
0
0
0
0
0
0
0
0
0
0
0
0
0
0
0
0
0
0
0
0
0
0
0
0
0
0
0
0
10000
12
10000
1344018593
10000
16063
16070
16074
16048
16078
16058
16074
16056
16057
16074
16076
16057
16065
16074
16062
16074
16064
16071
16063
16070
16053
16057
16049
16057
16045
16052
16062
16050
16054
16066
16069
0
0
0
0
0
0
0
0
0
0
0
0
0
0
0
0
0
0
0
0
0
0
0
0
0
0
0
0
0
10000
11
10000
1346473638
10000
16369
16386
16382
16373
16367
16357
16370
16352
16362
16370
16370
16354
16369
16360
16352
16386
16364
16360
16383
16359
16349
16393
16343
16338
16390
16347
16336
16404
16335
16330
16331
0
0
0
0
0
0
0
0
0
0
0
0
0
0
0
0
0
0
0
0
0
0
0
0
0
0
0
0
0
10000
12
10000
1347206445
10000
16067
16047
16060
16047
16040
16045
16061
16055
16052
16047
16037
16052
16067
16066
16062
16070
16069
16065
16059
16058
16058
16061
16072
16059
16046
16058
16060
16063
16055
16048
16059
0
0
0
0
0
0
0
0
0
0
0
0
0
0
0
0
0
0
0
0
0
0
0
0
0
0
0
0
0
10000
11
10000
1350648822
10000
16396
16336
16335
16391
16342
16341
16381
16345
16349
16377
16364
16361
16370
16356
16356
16368
16365
16345
16378
16366
16354
16367
16370
16365
16375
16354
16369
16363
16374
16374
16359
16370
16363
16364
16382
16358
16372
16370
16381
16361
16350
0
0
0
0
0
0
0
0
0
0
0
0
0
0
0
0
0
0
0
10000
12
10000
1351382580
10000
16063
16067
16055
16081
16062
16058
16067
16049
16060
16067
16064
16068
16073
16056
16060
16069
16069
16053
16058
16056
16054
16065
16067
16054
16064
16053
16051
16060
16076
16060
16074
16069
16045
16077
16075
16063
16080
16069
16070
16055
16088
0
0
0
0
0
0
0
0
0
0
0
0
0
0
0
0
0
0
0
10000
11
10000
1355807513
10000
16393
16352
16359
16382
16348
16337
16393
16346
16346
16391
16341
16349
16386
16340
16345
16392
16346
16356
16385
16355
16347
16380
16360
16342
16377
16360
16341
16372
16367
16362
16376
16356
16351
16381
16356
16368
16375
16378
16371
16369
16348
16361
16365
16345
16384
16350
16338
16396
16349
16349
0
0
0
0
0
0
0
0
0
0
10000
12
10000
1357526681
10000
16053
16060
16060
16053
16054
16058
16058
16052
16046
16056
16046
16051
16045
16048
16039
16056
16060
16060
16060
16064
16076
16070
16039
16058
16038
16047
16059
16050
16029
16060
16038
16047
16049
16044
16034
16066
16051
16044
16041
16051
16053
16020
16032
16053
16047
16039
16046
16031
16044
16055
16036
16046
16046
16060
16047
16053
16034
16053
16048
16055
10000
11
10000
1361950568
10000
16383
16349
16353
16384
16349
16350
16389
16350
16348
16383
16337
16350
16386
16362
16349
16380
16347
16355
16389
16358
16352
16369
16354
16352
16374
16360
16361
16379
16350
16363
16385
16366
16358
16368
16361
16364
16363
16368
16351
16380
16359
16361
16368
16377
16382
16378
16361
16375
16362
16350
16341
16390
16349
16341
16389
16345
16357
16380
16347
16358
10000
12
10000
1363668920
10000
16048
16067
16041
16054
16073
16056
16058
16053
16053
16052
16061
16058
16045
16061
16067
16053
16060
16059
16064
16067
16075
16068
16081
16064
16056
16057
16075
16065
16059
16079
16062
16073
16055
16059
16060
16064
16055
16071
16056
16071
16054
16056
16078
16062
16043
16056
16066
16050
16066
16039
16047
16070
16034
16056
16059
16057
16058
16061
16071
16071
10000
11
10000
1368093100
10000
16381
16347
16338
16391
16339
16343
16387
16346
16360
16378
16361
16367
16378
16356
16358
16375
16355
16345
16369
16359
16362
16377
16357
16368
16362
16382
16382
16372
16353
16364
16360
16371
16381
16351
16387
16363
16362
16375
16391
16357
16390
16388
16365
16370
16373
16348
16383
16393
16350
16364
16356
16382
16344
16356
16381
16333
16348
16381
16349
16350
10000
12
10000
1369811509
10000
16068
16063
16065
16076
16047
16072
16060
16058
16062
16064
16045
16056
16063
16051
16052
16067
16051
16045
16058
16062
16052
16051
16058
16049
16046
16057
16052
16054
16055
16047
16049
16046
16057
16064
16066
16061
16061
16059
16045
16057
16065
16069
16056
16057
16060
16049
16059
16056
16034
16063
16050
16055
16057
16049
16043
16055
16052
16058
16060
16052
10000
11
10000
1374236339
10000
16371
16363
16357
16384
16357
16360
16371
16360
16363
16356
16373
16372
16357
16375
16371
16369
16362
16357
16373
16358
16360
16376
16367
16369
16364
16375
16356
16356
16381
16350
16334
16382
16372
16388
16346
16360
16324
16429
16297
16328
16393
16361
16312
16442
16279
16303
16445
16250
16332
16376
16370
16371
16380
16370
16365
16381
16374
16375
16362
16355
10000
12
10000
1375954601
10000
16059
16038
16049
16055
16037
16047
16069
16061
16052
16043
16054
16059
16029
16037
16050
16028
16048
16051
16055
16064
16043
16036
16049
16042
16196
16107
15996
16080
16039
16091
16073
16014
16082
16032
16051
16035
16049
16045
16048
16051
16052
16078
16066
16026
16045
16042
16058
16033
16034
16046
16055
16052
16043
16052
16053
16037
16049
16040
16055
16049
10000
11
10000
1378409651
10000
16356
16379
16369
16367
16350
16372
16370
16372
16370
16368
16357
16360
16355
16382
16358
16369
16372
16363
16346
16379
16354
16364
16361
16371
16357
16364
16352
16358
16375
16360
16343
16388
16346
16344
16385
16347
16338
16397
16351
16355
16344
0
0
0
0
0
0
0
0
0
0
0
0
0
0
0
0
0
0
0
10000
12
10000
1379143600
10000
16050
16040
16054
16041
16045
16050
16043
16053
16033
16043
16009
16013
16010
15990
16014
16020
16008
16015
16023
16021
16020
16035
16024
16004
16049
16027
16038
16041
16018
16031
16041
16053
0
0
0
0
0
0
0
0
0
0
0
0
0
0
0
0
0
0
0
0
0
0
0
0
0
0
0
0
10000
11
10000
1381599723
10000
16378
16354
16352
16374
16361
16365
16384
16354
16347
16378
16352
16380
16370
16364
16365
16372
16363
16368
16358
16369
16369
16378
16375
16361
16359
16358
16369
16369
16368
16366
16366
16362
0
0
0
0
0
0
0
0
0
0
0
0
0
0
0
0
0
0
0
0
0
0
0
0
0
0
0
0
10000
12
10000
1382333875
10000
16022
16036
16031
16035
16036
16051
16043
16052
16072
16058
16066
16070
16074
16062
16061
16075
16071
16077
16086
16061
16066
16066
16062
16066
16058
16063
16090
16096
16078
16104
16094
0
0
0
0
0
0
0
0
0
0
0
0
0
0
0
0
0
0
0
0
0
0
0
0
0
0
0
0
0
10000
11
10000
1384787733
10000
16377
16362
16353
16374
16362
16378
16371
16366
16366
16383
16353
16387
16390
16355
16379
16376
16354
16374
16379
16371
16377
16385
16353
16383
16374
16350
16379
16373
16360
16355
16377
0
0
0
0
0
0
0
0
0
0
0
0
0
0
0
0
0
0
0
0
0
0
0
0
0
0
0
0
0
10000
12
10000
1386507043
10000
16076
16068
16074
16060
16067
16050
16056
16053
16058
16070
16077
16076
16071
16068
16076
16075
16085
16083
16079
16082
16075
16070
16062
16057
16062
16049
16042
16039
16047
16056
16066
16068
16074
16077
16055
16052
16075
16063
16057
16088
16022
0
0
0
0
0
0
0
0
0
0
0
0
0
0
0
0
0
0
0
10000
11
10000
1388961077
10000
16369
16361
16356
16381
16347
16359
16387
16352
16387
16372
16370
16369
16360
16370
16368
16359
16372
16358
16354
16373
16360
16358
16363
16353
16368
16376
16361
16368
16370
16360
16350
16385
16357
16348
16380
16363
16358
16384
16351
16355
16364
0
0
0
0
0
0
0
0
0
0
0
0
0
0
0
0
0
0
0
10000
12
10000
1389695428
10000
16013
16040
16034
16062
16059
16068
16068
16077
16084
16069
16090
16097
16075
16067
16072
16085
16064
16081
16086
16064
16074
16061
16049
16060
16058
16064
16079
16059
16044
16073
16071
0
0
0
0
0
0
0
0
0
0
0
0
0
0
0
0
0
0
0
0
0
0
0
0
0
0
0
0
0
10000
11
10000
1392150889
10000
16377
16367
16371
16377
16355
16385
16378
16360
16371
16366
16369
16370
16369
16356
16373
16378
16364
16371
16371
16361
16370
16363
16379
16356
16361
16371
16370
16358
16382
16366
16373
0
0
0
0
0
0
0
0
0
0
0
0
0
0
0
0
0
0
0
0
0
0
0
0
0
0
0
0
0
10000
12
10000
1392883716
10000
16057
16067
16078
16085
16074
16095
16078
16078
16070
16071
16076
16077
16082
16072
16085
16079
16078
16072
16099
16093
16069
16085
16068
16073
16074
16077
16070
16082
16069
16056
16063
0
0
0
0
0
0
0
0
0
0
0
0
0
0
0
0
0
0
0
0
0
0
0
0
0
0
0
0
0
10000
11
10000
1395342621
10000
16359
16374
16375
16370
16359
16376
16370
16376
16371
16350
16377
16379
16358
16386
16355
16350
16383
16353
16363
16377
16364
16359
16385
16358
16359
16373
16355
16366
16376
16382
16371
0
0
0
0
0
0
0
0
0
0
0
0
0
0
0
0
0
0
0
0
0
0
0
0
0
0
0
0
0
10000
12
10000
1396075502
10000
16063
16076
16080
16067
16051
16049
16035
16061
16045
16043
16039
16043
16048
16051
16036
16064
16052
16045
16056
16036
16019
16029
16049
16047
16020
16044
16027
16051
16040
16043
16053
0
0
0
0
0
0
0
0
0
0
0
0
0
0
0
0
0
0
0
0
0
0
0
0
0
0
0
0
0
10000
11
10000
1398529388
10000
16383
16374
16364
16372
16358
16366
16374
16370
16368
16367
16372
16365
16373
16372
16375
16370
16365
16367
16372
16360
16368
16362
16374
16369
16366
16367
16357
16378
16362
16363
16362
0
0
0
0
0
0
0
0
0
0
0
0
0
0
0
0
0
0
0
0
0
0
0
0
0
0
0
0
0
10000
12
10000
1399262230
10000
16036
16052
16049
16048
16056
16058
16036
16045
16048
16048
16051
16052
16049
16061
16058
16063
16058
16074
16039
16069
16065
16059
16060
16059
16046
16074
16046
16039
16064
16056
16072
0
0
0
0
0
0
0
0
0
0
0
0
0
0
0
0
0
0
0
0
0
0
0
0
0
0
0
0
0
10000
11
10000
1401716928
10000
16376
16371
16357
16393
16356
16357
16369
16361
16357
16374
16363
16351
16368
16360
16367
16359
16371
16355
16361
16387
16385
16364
16358
16370
16367
16371
16365
16366
16363
16363
16355
0
0
0
0
0
0
0
0
0
0
0
0
0
0
0
0
0
0
0
0
0
0
0
0
0
0
0
0
0
10000
12
10000
1402451774
10000
16060
16066
16065
16081
16048
16058
16063
16067
16067
16056
16037
16064
16052
16049
16055
16045
16034
16058
16038
16045
16065
16039
16043
16054
16059
16037
16048
16060
16024
16049
16057
0
0
0
0
0
0
0
0
0
0
0
0
0
0
0
0
0
0
0
0
0
0
0
0
0
0
0
0
0
10000
11
10000
1404906385
10000
16374
16371
16356
16368
16381
16369
16374
16365
16366
16373
16358
16376
16364
16360
16385
16357
16367
16374
16367
16381
16379
16363
16385
16365
16365
16367
16367
16360
16375
16380
16366
0
0
0
0
0
0
0
0
0
0
0
0
0
0
0
0
0
0
0
0
0
0
0
0
0
0
0
0
0
10000
12
10000
1405639312
10000
16049
16050
16042
16060
16050
16061
16072
16068
16065
16078
16063
16065
16078
16071
16064
16067
16078
16072
16072
16061
16073
16076
16069
16071
16073
16077
16083
16073
16075
16062
16082
0
0
0
0
0
0
0
0
0
0
0
0
0
0
0
0
0
0
0
0
0
0
0
0
0
0
0
0
0
10000
11
10000
1408093102
10000
16373
16378
16376
16377
16380
16371
16368
16363
16362
16363
16376
16366
16358
16376
16371
16365
16358
16361
16387
16355
16371
16369
16359
16354
16382
16354
16355
16367
16366
16365
16352
0
0
0
0
0
0
0
0
0
0
0
0
0
0
0
0
0
0
0
0
0
0
0
0
0
0
0
0
0
10000
12
10000
1408825969
10000
16066
16082
16061
16056
16056
16067
16058
16055
16047
16051
16050
16057
16067
16068
16052
16070
16066
16052
16059
16045
16041
16072
16064
16058
16055
16070
16067
16074
16054
16074
16054
0
0
0
0
0
0
0
0
0
0
0
0
0
0
0
0
0
0
0
0
0
0
0
0
0
0
0
0
0
10000
11
10000
1411282993
10000
16373
16343
16348
16378
16357
16355
16383
16351
16354
16377
16375
16371
16368
16364
16363
16367
16379
16367
16374
16365
16377
16365
16351
16361
16382
16352
16359
16379
16366
16361
16383
0
0
0
0
0
0
0
0
0
0
0
0
0
0
0
0
0
0
0
0
0
0
0
0
0
0
0
0
0
10000
12
10000
1412016930
10000
16049
16064
16056
16050
16052
16059
16042
16062
16062
16042
16060
16065
16050
16071
16047
16062
16054
16058
16052
16072
16058
16055
16053
16065
16064
16067
16064
16061
16067
16061
16062
0
0
0
0
0
0
0
0
0
0
0
0
0
0
0
0
0
0
0
0
0
0
0
0
0
0
0
0
0
10000
11
10000
1414472009
10000
16369
16363
16364
16366
16369
16371
16365
16378
16385
16365
16390
16379
16366
16374
16366
16376
16353
16355
16380
16384
16391
16373
16378
16360
16371
16364
16369
16371
16376
16370
16390
0
0
0
0
0
0
0
0
0
0
0
0
0
0
0
0
0
0
0
0
0
0
0
0
0
0
0
0
0
10000
12
10000
1415205856
10000
16069
16060
16061
16049
16072
16064
16041
16048
16061
16045
16045
16059
16049
16040
16042
16053
16054
16042
16045
16039
16054
16047
16046
16069
16047
16069
16044
16054
16030
16032
16047
0
0
0
0
0
0
0
0
0
0
0
0
0
0
0
0
0
0
0
0
0
0
0
0
0
0
0
0
0
10000
11
10000
1417661793
10000
16357
16371
16392
16358
16393
16365
16367
16376
16360
16378
16370
16362
16379
16365
16358
16377
16369
16369
16375
16356
16358
16372
16363
16361
16360
16360
16351
16378
16363
16369
16357
0
0
0
0
0
0
0
0
0
0
0
0
0
0
0
0
0
0
0
0
0
0
0
0
0
0
0
0
0
10000
12
10000
1419390269
10000
16053
16048
16036
16061
16044
16043
16065
16044
16049
16053
16042
16035
16046
16027
16045
16043
16035
16045
16052
16039
16043
16046
16047
16060
16047
16045
16045
16035
16049
16056
16042
16052
16054
16046
16062
16040
16045
16051
16047
16030
16043
0
0
0
0
0
0
0
0
0
0
0
0
0
0
0
0
0
0
0
10000
11
10000
1421844279
10000
16377
16353
16362
16369
16377
16363
16369
16371
16371
16363
16363
16368
16361
16379
16350
16377
16383
16364
16367
16367
16360
16371
16368
16371
16365
16374
16373
16352
16381
16377
16361
16382
16373
16365
16355
16366
16359
16368
16373
16371
16373
0
0
0
0
0
0
0
0
0
0
0
0
0
0
0
0
0
0
0
10000
12
10000
1422578741
10000
16038
16040
16042
16037
16047
16055
16049
16053
16064
16050
16061
16048
16031
16026
16036
16045
16040
16040
16056
16041
16038
16058
16048
16050
16071
16052
16044
16053
16067
16049
16053
0
0
0
0
0
0
0
0
0
0
0
0
0
0
0
0
0
0
0
0
0
0
0
0
0
0
0
0
0
10000
11
10000
1425034304
10000
16383
16362
16353
16372
16363
16357
16363
16366
16354
16372
16369
16370
16380
16360
16373
16372
16367
16361
16360
16377
16365
16373
16372
16367
16381
16358
16365
16367
16370
16370
16372
0
0
0
0
0
0
0
0
0
0
0
0
0
0
0
0
0
0
0
0
0
0
0
0
0
0
0
0
0
10000
12
10000
1425767346
10000
16081
16073
16049
16085
16057
16064
16053
16076
16053
16067
16064
16070
16050
16059
16063
16060
16064
16061
16045
16060
16057
16061
16053
16063
16077
16081
16063
16061
16084
16055
16061
0
0
0
0
0
0
0
0
0
0
0
0
0
0
0
0
0
0
0
0
0
0
0
0
0
0
0
0
0
10000
11
10000
1428222548
10000
16380
16365
16362
16371
16360
16387
16374
16364
16372
16366
16376
16368
16352
16380
16373
16358
16375
16376
16366
16376
16383
16356
16374
16381
16362
16370
16365
16365
16377
16372
16368
0
0
0
0
0
0
0
0
0
0
0
0
0
0
0
0
0
0
0
0
0
0
0
0
0
0
0
0
0
10000
12
10000
1428955464
10000
16059
16076
16055
16065
16064
16049
16062
16060
16059
16072
16061
16065
16068
16065
16077
16053
16073
16073
16058
16082
16075
16060
16085
16094
16066
16086
16079
16060
16085
16075
16067
0
0
0
0
0
0
0
0
0
0
0
0
0
0
0
0
0
0
0
0
0
0
0
0
0
0
0
0
0
10000
11
10000
1431409451
10000
16363
16380
16372
16371
16390
16383
16368
16375
16373
16356
16363
16375
16372
16364
16363
16381
16379
16359
16383
16370
16360
16370
16352
16362
16376
16353
16370
16373
16363
16358
16356
0
0
0
0
0
0
0
0
0
0
0
0
0
0
0
0
0
0
0
0
0
0
0
0
0
0
0
0
0
10000
12
10000
1432143367
10000
16047
16073
16064
16036
16063
16050
16048
16054
16062
16058
16044
16063
16068
16053
16058
16036
16050
16059
16051
16059
16067
16062
16045
16063
16043
16045
16061
16045
16051
16079
16067
0
0
0
0
0
0
0
0
0
0
0
0
0
0
0
0
0
0
0
0
0
0
0
0
0
0
0
0
0
