10000
11
10000
3277165337
10000
16404
16394
16363
16406
16406
16358
16399
16398
16368
16395
16395
16367
16401
16395
16363
16397
16394
16370
16394
16398
16367
16389
16386
16384
16386
16381
16377
16388
16387
16388
16374
0
0
0
0
0
0
0
0
0
0
0
0
0
0
0
0
0
0
0
0
0
0
0
0
0
0
0
0
0
10000
12
10000
3277898411
10000
16061
16076
16077
16069
16078
16057
16064
16070
16058
16068
16075
16064
16063
16072
16078
16081
16069
16079
16062
16081
16074
16067
16053
16084
16062
16072
16079
16060
16065
16084
16084
0
0
0
0
0
0
0
0
0
0
0
0
0
0
0
0
0
0
0
0
0
0
0
0
0
0
0
0
0
10000
11
10000
3280354510
10000
16384
16391
16381
16378
16390
16383
16377
16369
16400
16380
16374
16399
16377
16376
16405
16375
16348
16413
16366
16358
16405
16362
16362
16403
16376
16369
16405
16348
16380
16386
16389
0
0
0
0
0
0
0
0
0
0
0
0
0
0
0
0
0
0
0
0
0
0
0
0
0
0
0
0
0
10000
12
10000
3281087604
10000
16073
16059
16078
16053
16068
16084
16069
16064
16072
16057
16078
16074
16066
16083
16061
16069
16075
16077
16074
16068
16085
16086
16067
16071
16080
16090
16078
16086
16076
16073
16073
0
0
0
0
0
0
0
0
0
0
0
0
0
0
0
0
0
0
0
0
0
0
0
0
0
0
0
0
0
10000
11
10000
3283543063
10000
16381
16374
16403
16365
16377
16387
16368
16365
16386
16367
16369
16404
16370
16372
16388
16369
16372
16400
16369
16381
16390
16378
16374
16369
16392
16387
16375
16394
16392
16366
16365
0
0
0
0
0
0
0
0
0
0
0
0
0
0
0
0
0
0
0
0
0
0
0
0
0
0
0
0
0
10000
12
10000
3284276138
10000
16081
16044
16086
16084
16067
16087
16084
16076
16077
16089
16060
16081
16065
16080
16071
16067
16070
16061
16076
16073
16065
16074
16082
16066
16063
16081
16058
16069
16088
16073
16071
0
0
0
0
0
0
0
0
0
0
0
0
0
0
0
0
0
0
0
0
0
0
0
0
0
0
0
0
0
10000
11
10000
3286730489
10000
16407
16401
16361
16393
16400
16369
16399
16401
16363
16400
16407
16363
16403
16393
16364
16395
16396
16376
16401
16394
16372
16396
16391
16368
16396
16399
16351
16406
16411
16368
16353
0
0
0
0
0
0
0
0
0
0
0
0
0
0
0
0
0
0
0
0
0
0
0
0
0
0
0
0
0
10000
11
10000
3289918079
10000
16394
16386
16378
16380
16376
16391
16383
16384
16387
16386
16377
16392
16379
16382
16382
16378
16378
16391
16383
16379
16405
16362
16359
16401
16355
16366
16404
16351
16363
16398
16398
0
0
0
0
0
0
0
0
0
0
0
0
0
0
0
0
0
0
0
0
0
0
0
0
0
0
0
0
0
10000
12
10000
3290651316
10000
16049
16086
16068
16065
16071
16047
16065
16061
16064
16054
16066
16060
16057
16051
16064
16069
16058
16070
16061
16047
16073
16078
16068
16069
16068
16075
16090
16069
16073
16075
16069
0
0
0
0
0
0
0
0
0
0
0
0
0
0
0
0
0
0
0
0
0
0
0
0
0
0
0
0
0
10000
11
10000
3293105680
10000
16372
16362
16397
16365
16369
16395
16359
16353
16399
16373
16374
16392
16370
16373
16401
16375
16361
16392
16370
16378
16390
16376
16377
16386
16379
16376
16383
16384
16389
16380
16379
0
0
0
0
0
0
0
0
0
0
0
0
0
0
0
0
0
0
0
0
0
0
0
0
0
0
0
0
0
10000
12
10000
3293838812
10000
16062
16087
16079
16071
16084
16079
16072
16087
16078
16071
16087
16090
16075
16077
16092
16072
16079
16090
16080
16077
16100
16093
16069
16100
16099
16074
16088
16105
16074
16085
16102
0
0
0
0
0
0
0
0
0
0
0
0
0
0
0
0
0
0
0
0
0
0
0
0
0
0
0
0
0
10000
11
10000
3296293994
10000
16389
16393
16377
16389
16396
16368
16388
16392
16373
16406
16395
16364
16395
16403
16378
16398
16396
16366
16395
16403
16355
16395
16401
16367
16395
16395
16356
16403
16398
16374
16348
0
0
0
0
0
0
0
0
0
0
0
0
0
0
0
0
0
0
0
0
0
0
0
0
0
0
0
0
0
10000
12
10000
3297028181
10000
16089
16089
16093
16099
16087
16089
16094
16087
16085
16077
16073
16082
16066
16080
16074
16091
16086
16086
16086
16073
16067
16081
16064
16074
16087
16072
16077
16080
16076
16063
16062
0
0
0
0
0
0
0
0
0
0
0
0
0
0
0
0
0
0
0
0
0
0
0
0
0
0
0
0
0
10000
11
10000
3301453614
10000
16402
16398
16362
16395
16396
16366
16393
16395
16368
16403
16394
16374
16384
16394
16389
16385
16396
16371
16394
16382
16394
16382
16373
16383
16370
16384
16389
16366
16366
16393
16374
16361
16395
16366
16376
16400
16365
16367
16403
16364
16404
16396
16364
16404
16393
16367
16402
16399
16363
16371
0
0
0
0
0
0
0
0
0
0
10000
12
10000
3303172437
10000
16081
16089
16057
16089
16084
16088
16074
16080
16083
16073
16074
16078
16077
16085
16076
16064
16087
16061
16084
16071
16065
16075
16081
16058
16081
16073
16080
16081
16087
16065
16078
16091
16072
16063
16093
16091
16084
16069
16091
16083
16092
16083
16085
16091
16084
16103
16096
16084
16088
16088
16063
16078
16091
16077
16069
16090
16098
16087
16084
16066
10000
11
10000
3307598930
10000
16399
16404
16361
16410
16413
16358
16398
16386
16364
16397
16396
16364
16393
16381
16382
16377
16380
16380
16378
16389
16376
16377
16379
16381
16369
16380
16391
16368
16367
16392
16367
16370
16401
16355
16365
16403
16363
16370
16400
16368
16360
16399
16375
16353
16406
16363
16350
16402
16366
16365
16404
16416
16358
16411
16404
16367
16399
16405
16361
16374
10000
12
10000
3309317888
10000
16062
16071
16098
16063
16074
16080
16070
16082
16071
16074
16087
16080
16075
16070
16081
16067
16070
16084
16076
16087
16080
16076
16058
16071
16072
16065
16095
16067
16065
16074
16075
16057
16059
16074
16072
16068
16073
16090
16064
16082
16079
16083
16080
16056
16059
16060
16060
16053
16065
16065
16053
16059
16065
16061
16069
16085
16075
16068
16074
16065
10000
11
10000
3313743434
10000
16406
16392
16363
16378
16388
16383
16387
16394
16374
16386
16379
16382
16380
16380
16387
16378
16377
16385
16361
16364
16388
16366
16374
16385
16377
16370
16394
16358
16368
16402
16355
16364
16397
16364
16352
16405
16370
16370
16402
16370
16358
16403
16357
16361
16398
16355
16370
16383
16372
16358
16387
16398
16376
16396
16380
16375
16401
16382
16382
16374
10000
12
10000
3315463036
10000
16055
16065
16065
16065
16060
16067
16060
16078
16056
16066
16079
16070
16064
16073
16076
16081
16066
16073
16065
16059
16080
16064
16060
16068
16073
16072
16086
16068
16067
16075
16079
16077
16094
16084
16089
16083
16089
16101
16080
16064
16074
16066
16081
16072
16077
16079
16077
16075
16080
16073
16066
16077
16069
16062
16059
16068
16051
16056
16058
16055
10000
11
10000
3319889073
10000
16382
16381
16390
16384
16382
16391
16374
16378
16389
16377
16376
16384
16386
16371
16395
16380
16362
16399
16351
16403
16406
16365
16398
16395
16369
16408
16408
16377
16406
16401
16359
16403
16413
16355
16402
16398
16366
16411
16396
16365
16394
16381
16371
16382
16390
16375
16391
16395
16372
16377
16399
16390
16377
16389
16393
16384
16374
16364
16392
16396
10000
12
10000
3321609030
10000
16053
16059
16048
16059
16072
16058
16067
16073
16061
16068
16070
16077
16075
16076
16077
16078
16078
16097
16073
16083
16073
16061
16076
16091
16083
16076
16080
16069
16063
16082
16043
16059
16061
16053
16070
16063
16065
16068
16070
16066
16075
16063
16083
16081
16064
16084
16071
16070
16082
16059
16059
16081
16077
16074
16066
16091
16072
16078
16097
16078
10000
11
10000
3326036864
10000
16368
16396
16393
16372
16381
16400
16376
16392
16396
16378
16385
16399
16366
16401
16407
16361
16400
16388
16354
16395
16408
16367
16402
16403
16358
16403
16395
16370
16395
16394
16367
16394
16391
16358
16398
16395
16375
16364
16352
16398
16344
16365
16395
16373
16386
16382
16387
16386
16386
16388
16372
16385
16380
16376
16369
16392
16367
16364
16387
16388
10000
12
10000
3327754698
10000
16062
16063
16061
16065
16065
16058
16072
16060
16081
16084
16070
16066
16062
16069
16075
16078
16073
16074
16072
16066
16083
16069
16128
16081
16051
16096
16058
16078
16064
16074
16062
16060
16059
16061
16078
16077
16069
16069
16082
16072
16063
16081
16063
16076
16061
16079
16052
16042
16057
16056
16050
16083
16077
16066
16066
16053
16044
16073
16070
16067
10000
11
10000
3332181210
10000
16372
16392
16385
16367
16395
16395
16359
16412
16406
16344
16395
16400
16359
16419
16397
16366
16392
16388
16381
16384
16380
16386
16375
16394
16373
16407
16400
16362
16387
16388
16370
16391
16382
16378
16394
16390
16386
16379
16371
16381
16378
16380
16380
16371
16376
16385
16382
16372
16388
16386
16380
16357
16394
16366
16358
16392
16367
16380
16387
16389
10000
12
10000
3333901030
10000
16060
16081
16070
16080
16070
16052
16077
16069
16079
16066
16072
16048
16074
16040
16069
16070
16068
16062
16064
16094
16073
16075
16064
16071
16058
16077
16064
16059
16066
16076
16047
16060
16060
16070
16065
16071
16065
16057
16064
16068
16063
16066
16064
16068
16060
16063
16067
16054
16069
16062
16058
16056
16064
16057
16044
16048
16068
16058
16056
16044
10000
11
10000
3341452038
10000
16381
16374
16383
16367
16368
16396
16369
16373
16387
16377
16358
16392
16363
16376
16396
16381
16390
16374
16379
16364
16418
16363
16361
16402
16376
16333
16417
16345
16341
16404
16366
16376
16400
16354
16374
16373
16394
16397
16375
16388
16375
16374
16403
16394
16377
16384
16375
16393
16382
16380
16380
16381
16371
16379
16378
16392
16377
16367
16385
16391
10000
12
10000
3342185316
10000
16046
16072
16056
16070
16062
16073
16059
16052
16057
16076
16067
16065
16126
16048
16052
16079
16053
16044
16060
16062
16053
16072
16127
16072
16059
16069
16053
16059
16054
16066
16064
16053
16081
16041
16054
16064
16064
16074
16066
16062
16064
16078
16065
16070
16065
16071
16067
16058
16069
16071
16061
16058
16067
16063
16072
16064
16068
16080
16070
16066
10000
11
10000
3344639550
10000
16372
16365
16392
16369
16368
16394
16376
16374
16395
16369
16375
16393
16372
16374
16393
16376
16374
16389
16380
16397
16389
16370
16387
16390
16368
16395
16386
16381
16383
16373
16382
16370
0
0
0
0
0
0
0
0
0
0
0
0
0
0
0
0
0
0
0
0
0
0
0
0
0
0
0
0
10000
12
10000
3345372887
10000
16057
16057
16058
16066
16073
16063
16094
16063
16071
16068
16075
16060
16088
16062
16065
16063
16054
16068
16070
16082
16081
16052
16045
16058
16056
16045
16053
16062
16059
16048
16049
0
0
0
0
0
0
0
0
0
0
0
0
0
0
0
0
0
0
0
0
0
0
0
0
0
0
0
0
0
10000
11
10000
3349802548
10000
16379
16374
16371
16381
16384
16375
16390
16381
16379
16384
16385
16392
16384
16383
16384
16372
16399
16387
16369
16388
16400
16383
16387
16391
16383
16378
16384
16378
16390
16398
16374
16384
16383
16381
16386
16389
16373
16387
16392
16381
16383
16389
16380
16393
16389
16380
16386
16382
16381
16382
0
0
0
0
0
0
0
0
0
0
10000
12
10000
3351523898
10000
16056
16061
16048
16043
16052
16056
16066
16063
16049
16064
16064
16072
16064
16059
16051
16062
16044
16050
16061
16045
16063
16063
16059
16048
16069
16070
16068
16076
16057
16062
16056
16063
16063
16060
16066
16056
16058
16071
16050
16072
16066
16068
16052
16066
16072
16053
16064
16070
16073
16074
16054
16072
16080
16062
16064
16058
16064
16067
16065
16062
10000
11
10000
3356947701
10000
16379
16379
16380
16382
16387
16369
16388
16384
16387
16378
16392
16372
16389
16396
16366
16402
16394
16362
16400
16397
16367
16390
16388
16367
16397
16384
16380
16392
16390
16380
16379
16386
16372
16389
16386
16378
16380
16378
16377
16390
16390
16383
16390
16379
16385
16374
16383
16388
16382
16381
16386
16383
16378
16392
16389
16379
16393
16394
16378
16370
10000
12
10000
3358665688
10000
16053
16064
16059
16066
16075
16085
16061
16079
16068
16077
16069
16057
16073
16059
16062
16085
16084
16071
16084
16074
16075
16067
16075
16064
16068
16059
16078
16063
16072
16066
16078
16085
16070
16067
16083
16070
16073
16075
16068
16060
16081
16062
16055
16087
16072
16080
16054
16103
16054
16071
16062
16068
16061
16071
16058
16054
16065
16088
16052
16081
10000
11
10000
3363091284
10000
16396
16412
16357
16404
16389
16371
16385
16381
16382
16375
16380
16374
16383
16384
16372
16384
16383
16386
16383
16377
16374
16391
16388
16373
16382
16383
16377
16389
16395
16388
16386
16390
16373
16392
16390
16379
16381
16385
16370
16392
16375
16390
16366
16368
16382
16376
16370
16385
16381
16384
16386
16388
16386
16386
16393
16379
16388
16389
16372
16380
10000
12
10000
3364811249
10000
16086
16073
16063
16080
16076
16061
16076
16074
16067
16064
16079
16050
16047
16062
16062
16057
16064
16063
16068
16070
16073
16043
16065
16067
16062
16069
16055
16056
16065
16061
16070
16080
16048
16080
16069
16045
16052
16069
16056
16058
16068
16066
16048
16061
16074
16064
16060
16062
16067
16058
16067
16068
16065
16061
16068
16060
16059
16065
16069
16070
10000
11
10000
3369238593
10000
16392
16392
16376
16387
16384
16368
16385
16385
16378
16384
16387
16378
16389
16386
16387
16388
16384
16379
16380
16370
16382
16377
16378
16381
16377
16376
16388
16376
16371
16389
16375
16387
16379
16386
16389
16386
16378
16385
16375
16387
16391
16392
16384
16380
16384
16375
16389
16382
16372
16382
16385
16379
16363
16388
16389
16368
16394
16381
16382
16378
10000
12
10000
3370957595
10000
16075
16088
16064
16064
16081
16057
16065
16053
16069
16081
16060
16088
16081
16064
16063
16079
16064
16063
16082
16080
16071
16070
16073
16066
16070
16064
16065
16061
16063
16063
16078
16076
16057
16057
16078
16074
16062
16059
16057
16070
16075
16068
16075
16069
16067
16076
16069
16081
16063
16078
16071
16060
16063
16082
16079
16069
16080
16073
16077
16063
10000
11
10000
3375384653
10000
16378
16383
16377
16371
16359
16388
16362
16380
16379
16393
16387
16384
16382
16384
16384
16375
16373
16393
16384
16396
16385
16379
16504
16391
16367
16377
16387
16362
16377
16382
16379
16382
16389
16380
16378
16389
16373
16377
16381
16381
16387
16379
16380
16388
16381
16372
16386
16381
16378
16378
10000
12
10000
3377103586
10000
16084
16078
16079
16093
16085
16066
16070
16080
16069
16084
16063
16071
16075
16079
16070
16074
16066
16062
16081
16066
16077
16072
16076
16067
16060
16071
16070
16064
16081
16065
16072
16085
16064
16053
16070
16070
16071
16086
16062
16068
16079
16060
16078
16061
16067
16069
16077
16068
16064
16086
16073
16083
16072
16088
16086
16074
16073
16077
16066
16073
10000
11
10000
3381528983
10000
16384
16365
16389
16379
16394
16382
16378
16381
16375
16373
16384
16383
16374
16391
16381
16385
16385
16394
16370
16382
16385
16383
16367
16376
16386
16377
16398
16367
16400
16397
16377
16386
16388
16382
16387
16388
16375
16388
16385
16379
16388
16370
16388
16388
16375
16386
16377
16391
16381
16380
16381
16387
16378
16383
16389
16383
16382
16374
16381
16393
10000
12
10000
3383248212
10000
16076
16058
16071
16065
16092
16094
16076
16068
16065
16079
16052
16082
16078
16071
16088
16080
16062
16081
16073
16080
16062
16062
16070
16070
16061
16067
16059
16071
16073
16061
16081
16085
16055
16084
16070
16063
16077
16086
16070
16052
16064
16056
16072
16067
16055
16067
16064
16072
16055
16064
16072
16063
16081
16047
16058
16045
16080
16050
16064
16063
10000
11
10000
3389815479
10000
16387
16408
16368
16394
16392
16374
16384
16386
16377
16380
16374
16384
16370
16368
16396
16377
16368
16395
16377
16371
16383
16377
16370
16388
16376
16380
16383
16393
16378
16391
16378
16375
16389
16371
16376
16392
16383
16390
16373
16377
16377
16379
16385
16380
16385
16377
16371
16387
16376
16363
16406
16375
16379
16382
16376
16388
16361
16385
16388
16388
10000
12
10000
3390549001
10000
16063
16036
16059
16057
16057
16058
16068
16070
16054
16058
16043
16056
16065
16069
16060
16065
16073
16058
16063
16067
16051
16064
16082
16057
16074
16098
16062
16086
16072
16069
16085
16079
16066
16074
16117
16079
16101
16107
16099
16086
16096
16097
16081
16096
16090
16071
16085
16054
16080
16080
16070
16074
16095
16073
16080
16101
16052
16064
16071
16068
10000
11
10000
3393003008
10000
16382
16383
16370
16381
16371
16379
16372
16399
16394
16361
16384
16390
16376
16398
16395
16372
16392
16405
16357
16390
16399
16364
16401
16408
16381
16365
16367
16398
16374
16382
16389
0
0
0
0
0
0
0
0
0
0
0
0
0
0
0
0
0
0
0
0
0
0
0
0
0
0
0
0
0
10000
12
10000
3393736452
10000
16066
16075
16063
16075
16076
16076
16064
16068
16065
16059
16074
16050
16069
16050
16057
16053
16053
16121
16048
16070
16038
16046
16062
16088
16038
16075
16049
16030
16043
16064
16064
16064
0
0
0
0
0
0
0
0
0
0
0
0
0
0
0
0
0
0
0
0
0
0
0
0
0
0
0
0
10000
11
10000
3396192524
10000
16383
16389
16397
16356
16421
16386
16367
16385
16375
16388
16367
16360
16398
16371
16364
16415
16337
16380
16383
16373
16387
16385
16373
16362
16394
16374
16352
16396
16363
16362
16365
0
0
0
0
0
0
0
0
0
0
0
0
0
0
0
0
0
0
0
0
0
0
0
0
0
0
0
0
0
10000
12
10000
3396926858
10000
16073
16040
16074
16063
16074
16073
16070
16094
16026
16053
16075
16059
16033
16047
16050
16035
16066
16062
16055
16057
16049
16060
16058
16066
16050
16056
16038
16052
16047
16052
16040
0
0
0
0
0
0
0
0
0
0
0
0
0
0
0
0
0
0
0
0
0
0
0
0
0
0
0
0
0
10000
11
10000
3399380772
10000
16381
16370
16363
16392
16370
16376
16387
16368
16372
16384
16376
16368
16396
16361
16371
16394
16387
16371
16388
16388
16385
16391
16366
16366
16387
16373
16380
16381
16377
16372
16390
0
0
0
0
0
0
0
0
0
0
0
0
0
0
0
0
0
0
0
0
0
0
0
0
0
0
0
0
0
10000
12
10000
3400114124
10000
16054
16055
16061
16062
16062
16075
16074
16057
16070
16046
16061
16059
16048
16054
16058
16053
16055
16082
16081
16057
16094
16043
16046
16039
16037
16056
16058
16049
16058
16050
16048
0
0
0
0
0
0
0
0
0
0
0
0
0
0
0
0
0
0
0
0
0
0
0
0
0
0
0
0
0
10000
11
10000
3402568257
10000
16374
16380
16389
16377
16507
16385
16362
16393
16403
16377
16396
16383
16377
16393
16399
16368
16386
16394
16371
16391
16391
16358
16403
16399
16362
16393
16400
16377
16396
16390
16390
0
0
0
0
0
0
0
0
0
0
0
0
0
0
0
0
0
0
0
0
0
0
0
0
0
0
0
0
0
10000
12
10000
3403301648
10000
16047
16069
16054
16055
16041
16057
16055
16048
16039
16065
16045
16045
16053
16048
16069
16071
16075
16082
16073
16066
16099
16075
16064
16084
16069
16053
16072
16082
16064
16079
16081
0
0
0
0
0
0
0
0
0
0
0
0
0
0
0
0
0
0
0
0
0
0
0
0
0
0
0
0
0
10000
11
10000
3405756404
10000
16365
16399
16391
16375
16391
16392
16365
16388
16385
16380
16380
16380
16377
16388
16392
16396
16387
16384
16375
16383
16391
16379
16383
16391
16384
16376
16378
16388
16387
16373
16382
0
0
0
0
0
0
0
0
0
0
0
0
0
0
0
0
0
0
0
0
0
0
0
0
0
0
0
0
0
10000
12
10000
3406489701
10000
16079
16087
16081
16082
16097
16070
16080
16066
16087
16076
16085
16068
16095
16077
16059
16082
16084
16067
16085
16080
16053
16089
16077
16076
16086
16064
16063
16077
16071
16082
16082
0
0
0
0
0
0
0
0
0
0
0
0
0
0
0
0
0
0
0
0
0
0
0
0
0
0
0
0
0
