10000
11
10000
2668126977
10000
16388
16375
16389
16351
16366
16393
16352
16365
16389
16372
16359
16403
16369
16365
16390
16362
16377
16370
16375
16379
16378
16387
16383
16374
16391
16386
16375
16387
16399
16357
16370
0
0
0
0
0
0
0
0
0
0
0
0
0
0
0
0
0
0
0
0
0
0
0
0
0
0
0
0
0
10000
12
10000
2668861768
10000
16083
16091
16066
16094
16087
16073
16071
16086
16059
16067
16077
16085
16079
16084
16073
16074
16072
16075
16083
16077
16071
16060
16069
16068
16086
16075
16091
16068
16079
16070
16058
16073
0
0
0
0
0
0
0
0
0
0
0
0
0
0
0
0
0
0
0
0
0
0
0
0
0
0
0
0
10000
11
10000
2671314885
10000
16397
16393
16362
16390
16382
16379
16383
16388
16362
16387
16392
16362
16397
16394
16366
16393
16400
16363
16407
16402
16360
16386
16405
16360
16391
16379
16369
16386
16389
16353
16369
0
0
0
0
0
0
0
0
0
0
0
0
0
0
0
0
0
0
0
0
0
0
0
0
0
0
0
0
0
10000
12
10000
2672048530
10000
16078
16053
16063
16072
16048
16063
16073
16063
16066
16059
16056
16077
16068
16068
16057
16076
16060
16054
16062
16073
16077
16084
16080
16063
16076
16052
16067
16077
16076
16062
16068
0
0
0
0
0
0
0
0
0
0
0
0
0
0
0
0
0
0
0
0
0
0
0
0
0
0
0
0
0
10000
11
10000
2674503779
10000
16393
16373
16373
16386
16374
16375
16396
16378
16381
16388
16375
16384
16373
16374
16373
16381
16367
16405
16338
16317
16432
16331
16364
16388
16365
16388
16438
16350
16326
16434
16404
0
0
0
0
0
0
0
0
0
0
0
0
0
0
0
0
0
0
0
0
0
0
0
0
0
0
0
0
0
10000
12
10000
2675236547
10000
16081
16081
16049
16079
16070
16098
16066
16087
16049
16042
16033
16090
16061
16053
16057
16064
16086
16058
16047
16025
16088
16044
16041
16076
16055
16085
16032
16071
16071
16096
16058
0
0
0
0
0
0
0
0
0
0
0
0
0
0
0
0
0
0
0
0
0
0
0
0
0
0
0
0
0
10000
11
10000
2677689815
10000
16381
16384
16378
16375
16363
16394
16350
16359
16382
16377
16366
16409
16349
16358
16388
16364
16368
16388
16359
16370
16383
16383
16368
16380
16372
16369
16388
16361
16363
16370
16381
0
0
0
0
0
0
0
0
0
0
0
0
0
0
0
0
0
0
0
0
0
0
0
0
0
0
0
0
0
10000
12
10000
2678422550
10000
16064
16081
16063
16070
16076
16073
16085
16075
16062
16071
16067
16069
16070
16060
16085
16076
16061
16082
16049
16065
16090
16058
16068
16070
16065
16069
16076
16071
16072
16091
16074
0
0
0
0
0
0
0
0
0
0
0
0
0
0
0
0
0
0
0
0
0
0
0
0
0
0
0
0
0
10000
11
10000
2680878682
10000
16381
16370
16381
16371
16386
16368
16391
16392
16359
16390
16384
16369
16392
16388
16360
16390
16399
16376
16399
16400
16352
16401
16402
16351
16402
16396
16369
16410
16397
16350
16358
0
0
0
0
0
0
0
0
0
0
0
0
0
0
0
0
0
0
0
0
0
0
0
0
0
0
0
0
0
10000
12
10000
2681611529
10000
16056
16075
16061
16072
16078
16062
16074
16065
16064
16067
16066
16050
16060
16045
15840
16057
16048
16078
16067
16072
16066
16080
16061
16074
16082
16067
16067
16071
16054
16070
16074
0
0
0
0
0
0
0
0
0
0
0
0
0
0
0
0
0
0
0
0
0
0
0
0
0
0
0
0
0
10000
11
10000
2684064887
10000
16399
16399
16350
16398
16396
16353
16394
16392
16371
16383
16389
16367
16389
16382
16368
16391
16384
16378
16404
16377
16369
16387
16381
16376
16370
16377
16382
16364
16367
16389
16384
0
0
0
0
0
0
0
0
0
0
0
0
0
0
0
0
0
0
0
0
0
0
0
0
0
0
0
0
0
10000
12
10000
2684797764
10000
16065
16067
16067
16082
16070
16068
16064
16051
16049
16056
16056
16043
16048
16056
16040
16043
16052
16033
16057
16048
16040
16041
16025
16019
16026
16026
16031
16041
16037
16044
16039
0
0
0
0
0
0
0
0
0
0
0
0
0
0
0
0
0
0
0
0
0
0
0
0
0
0
0
0
0
10000
11
10000
2688236606
10000
16355
16369
16398
16359
16360
16397
16369
16355
16403
16354
16352
16404
16360
16361
16379
16358
16365
16409
16360
16362
16394
16359
16342
16403
16356
16353
16408
16353
16366
16394
16396
16370
16400
16391
16364
16396
16376
16374
16384
16381
0
0
0
0
0
0
0
0
0
0
0
0
0
0
0
0
0
0
0
0
10000
12
10000
2688969358
10000
16037
16054
16032
16046
16046
16049
16052
16026
16047
16048
16046
16066
16036
16065
16048
16033
16064
16060
16060
16062
16057
16055
16059
16043
16042
16070
16059
16072
16075
16072
16056
16064
16045
16077
16065
16063
16063
16068
16060
16048
16034
0
0
0
0
0
0
0
0
0
0
0
0
0
0
0
0
0
0
0
10000
11
10000
2691423603
10000
16385
16380
16361
16363
16389
16380
16373
16382
16365
16366
16395
16359
16367
16396
16374
16379
16397
16369
16182
16408
16355
16401
16394
16365
16395
16394
16353
16409
16408
16366
16395
16406
0
0
0
0
0
0
0
0
0
0
0
0
0
0
0
0
0
0
0
0
0
0
0
0
0
0
0
0
10000
12
10000
2692156424
10000
16053
16061
16061
16062
16044
16058
16093
16074
16090
16106
16068
16081
16084
16073
16073
16087
16073
16079
16080
16085
16082
16091
16093
16098
16097
16087
16079
16081
16087
16080
16067
0
0
0
0
0
0
0
0
0
0
0
0
0
0
0
0
0
0
0
0
0
0
0
0
0
0
0
0
0
10000
11
10000
2694611618
10000
16354
16346
16422
16357
16356
16392
16362
16360
16397
16356
16358
16395
16353
16372
16379
16377
16379
16392
16382
16366
16384
16388
16383
16379
16383
16386
16366
16392
16388
16358
16372
0
0
0
0
0
0
0
0
0
0
0
0
0
0
0
0
0
0
0
0
0
0
0
0
0
0
0
0
0
10000
12
10000
2695344495
10000
16057
16064
16048
16046
16060
16049
16037
16058
16046
16043
16063
16042
16055
16065
16051
16049
16062
16056
16072
16051
16056
16062
16053
16064
16061
16053
16067
16051
16048
16049
16030
0
0
0
0
0
0
0
0
0
0
0
0
0
0
0
0
0
0
0
0
0
0
0
0
0
0
0
0
0
10000
11
10000
2697799776
10000
16401
16387
16363
16390
16389
16364
16402
16404
16364
16401
16406
16365
16392
16397
16361
16389
16399
16352
16393
16397
16354
16410
16400
16358
16396
16401
16355
16409
16404
16361
16352
0
0
0
0
0
0
0
0
0
0
0
0
0
0
0
0
0
0
0
0
0
0
0
0
0
0
0
0
0
10000
12
10000
2698533569
10000
16043
16059
16061
16041
16041
16052
16034
16068
16060
16043
16068
16054
16052
16067
16065
16064
16087
16061
16049
16073
16054
16066
16068
16052
16058
16052
16068
16064
16053
16064
16054
0
0
0
0
0
0
0
0
0
0
0
0
0
0
0
0
0
0
0
0
0
0
0
0
0
0
0
0
0
10000
11
10000
2700988679
10000
16406
16396
16353
16404
16391
16386
16374
16382
16377
16377
16365
16391
16358
16386
16380
16396
16385
16366
16402
16400
16367
16369
16363
16388
16363
16348
16404
16370
16376
16399
16397
0
0
0
0
0
0
0
0
0
0
0
0
0
0
0
0
0
0
0
0
0
0
0
0
0
0
0
0
0
10000
12
10000
2701721424
10000
16074
16071
16057
16062
16054
16078
16050
16052
16068
16047
16063
16079
16050
16060
16064
16062
16067
16050
16044
16046
16038
16052
16066
16054
16060
16073
16053
16067
16047
16064
16044
0
0
0
0
0
0
0
0
0
0
0
0
0
0
0
0
0
0
0
0
0
0
0
0
0
0
0
0
0
10000
11
10000
2704175509
10000
16351
16356
16403
16371
16363
16415
16352
16360
16410
16356
16359
16399
16367
16361
16400
16354
16365
16396
16366
16377
16386
16364
16368
16390
16360
16374
16388
16378
16378
16388
16377
0
0
0
0
0
0
0
0
0
0
0
0
0
0
0
0
0
0
0
0
0
0
0
0
0
0
0
0
0
10000
12
10000
2704908390
10000
16053
16043
16040
16057
16053
16054
16051
16040
16050
16052
16049
16056
16065
16063
16061
16057
16055
16058
16061
16067
16054
16072
16069
16059
16054
16070
16072
16061
16064
16062
16078
0
0
0
0
0
0
0
0
0
0
0
0
0
0
0
0
0
0
0
0
0
0
0
0
0
0
0
0
0
10000
11
10000
2707362618
10000
16379
16379
16366
16394
16386
16376
16388
16378
16369
16393
16390
16359
16401
16409
16364
16390
16393
16361
16398
16393
16361
16401
16393
16368
16411
16419
16346
16407
16413
16349
16349
0
0
0
0
0
0
0
0
0
0
0
0
0
0
0
0
0
0
0
0
0
0
0
0
0
0
0
0
0
10000
12
10000
2708095437
10000
16065
16067
16065
16059
16074
16057
16054
16067
16059
16072
16059
16079
16073
16062
16079
16074
16079
16040
16088
16066
16073
16055
16067
16058
16070
16075
16064
16057
16050
16057
16059
0
0
0
0
0
0
0
0
0
0
0
0
0
0
0
0
0
0
0
0
0
0
0
0
0
0
0
0
0
10000
12
10000
2711282322
10000
16063
16067
16061
16068
16081
16062
16059
16069
16053
16052
16062
16061
16067
16074
16064
16054
16051
16054
16068
16058
16077
16055
16070
16054
16067
16071
16068
16054
16063
16072
16069
0
0
0
0
0
0
0
0
0
0
0
0
0
0
0
0
0
0
0
0
0
0
0
0
0
0
0
0
0
10000
11
10000
2713738376
10000
16355
16357
16401
16358
16362
16407
16358
16354
16398
16356
16381
16385
16363
16351
16407
16352
16365
16398
16365
16368
16391
16367
16357
16407
16345
16362
16394
16367
16354
16398
16380
0
0
0
0
0
0
0
0
0
0
0
0
0
0
0
0
0
0
0
0
0
0
0
0
0
0
0
0
0
10000
12
10000
2714472176
10000
16066
16054
16065
16045
16057
16070
16063
16071
16065
16066
16058
16069
16060
16057
16073
16051
16061
16055
16045
16049
16066
16061
16049
16059
16072
16054
16058
16072
16048
16068
16054
0
0
0
0
0
0
0
0
0
0
0
0
0
0
0
0
0
0
0
0
0
0
0
0
0
0
0
0
0
10000
11
10000
2716926332
10000
16374
16374
16378
16380
16372
16378
16377
16372
16375
16390
16392
16382
16378
16381
16376
16385
16385
16370
16401
16399
16356
16399
16385
16374
16377
16385
16371
16387
16383
16368
16367
0
0
0
0
0
0
0
0
0
0
0
0
0
0
0
0
0
0
0
0
0
0
0
0
0
0
0
0
0
10000
12
10000
2718655552
10000
16062
16071
16074
16060
16048
16071
16071
16050
16067
16074
16066
16066
16069
16057
16064
16050
16063
16059
16064
16079
16058
16076
16061
16059
16080
16062
16064
16075
16057
16069
16058
16072
16087
16066
16071
16071
16061
16077
16060
16064
16062
0
0
0
0
0
0
0
0
0
0
0
0
0
0
0
0
0
0
0
10000
11
10000
2723080809
10000
16401
16394
16368
16397
16416
16362
16387
16386
16362
16395
16392
16371
16405
16403
16364
16391
16401
16366
16381
16389
16362
16400
16373
16371
16379
16377
16375
16386
16374
16387
16377
16374
16374
16372
16380
16366
16368
16377
16392
16372
16365
16392
16359
16380
16391
16351
16364
16395
16360
16373
16364
16400
16350
16360
16404
16362
16363
16402
16364
16366
10000
12
10000
2724800137
10000
16061
16067
16076
16066
16079
16054
16069
16074
16073
16062
16069
16065
16071
16067
16076
16081
16059
16069
16079
16059
16073
16066
16059
16057
16047
16060
16061
16064
16059
16061
16074
16062
16066
16070
16058
16070
16070
16050
16067
16062
16073
16060
16083
16083
16065
16080
16055
16098
16089
16040
16063
16018
16056
16097
16096
16121
16016
16087
16029
16089
10000
11
10000
2729227314
10000
16391
16358
16356
16403
16359
16383
16386
16411
16342
16376
16391
16401
16371
16390
16385
16367
16394
16359
16388
16375
16308
16479
16276
16300
16420
16340
16392
16340
16411
16392
16367
16402
16385
16362
16399
16403
16357
16400
16389
16370
16384
16391
16376
16385
16380
16367
16420
16408
16351
16403
16415
16404
16374
16388
16392
16373
16381
16380
16363
16381
10000
12
10000
2730945590
10000
16066
16078
16054
15972
16083
16167
15997
16085
16008
16056
16020
16078
16075
16079
16058
16062
16081
16070
16071
16045
16062
16061
16042
16075
16056
16059
16051
16064
16065
16055
16068
16066
16073
16075
16063
16059
16056
16061
16069
16068
16077
16061
16065
16065
16078
16075
16057
16063
16067
16068
16074
16073
16068
16064
16084
16072
16079
16063
16073
16072
10000
11
10000
2733400697
10000
16381
16371
16395
16384
16372
16387
16378
16383
16382
16367
16369
16382
16375
16377
16371
16384
16372
16372
16384
16388
16370
16384
16394
16365
16388
16405
16354
16392
16385
16371
16383
16387
16370
16397
16389
16363
16381
16390
16359
16393
16392
0
0
0
0
0
0
0
0
0
0
0
0
0
0
0
0
0
0
0
10000
12
10000
2734134607
10000
16076
16078
16082
16077
16070
16062
16076
16078
16063
16078
16066
16080
16072
16070
16071
16063
16051
16070
16058
16055
16079
16064
16070
16067
16064
16049
16065
16050
16066
16072
16058
16065
0
0
0
0
0
0
0
0
0
0
0
0
0
0
0
0
0
0
0
0
0
0
0
0
0
0
0
0
10000
11
10000
2736588765
10000
16390
16370
16395
16394
16376
16393
16395
16357
16385
16386
16379
16379
16391
16366
16390
16382
16370
16373
16380
16381
16384
16393
16382
16374
16363
16372
16388
16379
16379
16381
16380
16378
0
0
0
0
0
0
0
0
0
0
0
0
0
0
0
0
0
0
0
0
0
0
0
0
0
0
0
0
10000
12
10000
2737322623
10000
15828
16053
16056
16064
16056
16068
16053
16056
16073
16070
16057
16056
16066
16049
16060
16055
16061
16072
16068
16079
16067
16077
16053
16071
16062
16070
16049
16064
16065
16083
16044
0
0
0
0
0
0
0
0
0
0
0
0
0
0
0
0
0
0
0
0
0
0
0
0
0
0
0
0
0
10000
11
10000
2739776763
10000
16363
16369
16385
16370
16385
16367
16367
16376
16401
16367
16363
16393
16367
16357
16396
16358
16366
16385
16377
16372
16385
16375
16359
16405
16379
16382
16397
16379
16378
16390
16388
0
0
0
0
0
0
0
0
0
0
0
0
0
0
0
0
0
0
0
0
0
0
0
0
0
0
0
0
0
10000
12
10000
2740509841
10000
16081
16059
16062
16066
16069
16052
16073
16066
16071
16067
16079
16076
16063
16072
16069
16069
16061
16072
16065
16068
16070
16074
16070
16067
16084
16071
16084
16079
16088
16058
16045
0
0
0
0
0
0
0
0
0
0
0
0
0
0
0
0
0
0
0
0
0
0
0
0
0
0
0
0
0
10000
11
10000
2742963035
10000
16362
16360
16387
16373
16364
16392
16377
16379
16381
16379
16379
16375
16380
16372
16390
16379
16373
16371
16386
16392
16362
16383
16400
16366
16370
16378
16378
16394
16393
16373
16364
0
0
0
0
0
0
0
0
0
0
0
0
0
0
0
0
0
0
0
0
0
0
0
0
0
0
0
0
0
10000
12
10000
2743697021
10000
16055
16066
16055
16083
16068
16058
16073
16063
16065
16077
16070
16095
16074
16060
16068
16080
16080
16075
16075
16073
16074
16063
16071
16079
16057
16090
16087
16071
16075
16081
16078
0
0
0
0
0
0
0
0
0
0
0
0
0
0
0
0
0
0
0
0
0
0
0
0
0
0
0
0
0
10000
11
10000
2746153171
10000
16405
16387
16382
16395
16381
16378
16402
16389
16367
16380
16402
16363
16388
16398
16364
16395
16386
16379
16387
16383
16373
16395
16375
16381
16377
16376
16382
16371
16377
16387
16383
0
0
0
0
0
0
0
0
0
0
0
0
0
0
0
0
0
0
0
0
0
0
0
0
0
0
0
0
0
10000
12
10000
2746886109
10000
16067
16091
16080
16076
16101
16093
16075
16092
16058
16073
16066
16071
16065
16082
16078
16076
16081
16072
16075
16072
16089
16065
16070
16077
16091
16076
16085
16066
16060
16070
16074
0
0
0
0
0
0
0
0
0
0
0
0
0
0
0
0
0
0
0
0
0
0
0
0
0
0
0
0
0
10000
11
10000
2749340236
10000
16384
16378
16386
16391
16366
16382
16373
16366
16390
16363
16378
16373
16364
16379
16387
16356
16366
16390
16372
16363
16393
16373
16365
16399
16375
16374
16392
16369
16380
16384
16403
0
0
0
0
0
0
0
0
0
0
0
0
0
0
0
0
0
0
0
0
0
0
0
0
0
0
0
0
0
10000
12
10000
2750073327
10000
16060
16074
16078
16068
16083
16066
16063
16069
16066
16078
16075
16085
16064
16080
16055
16076
16060
16075
16056
16063
16066
16057
16065
16056
16073
16041
16076
16062
16067
16067
16080
0
0
0
0
0
0
0
0
0
0
0
0
0
0
0
0
0
0
0
0
0
0
0
0
0
0
0
0
0
10000
11
10000
2752527263
10000
16365
16383
16395
16363
16364
16397
16365
16367
16384
16374
16384
16378
16406
16380
16388
16377
16380
16390
16384
16393
16386
16374
16382
16372
16381
16379
16363
16386
16389
16378
16370
0
0
0
0
0
0
0
0
0
0
0
0
0
0
0
0
0
0
0
0
0
0
0
0
0
0
0
0
0
10000
12
10000
2753260234
10000
16069
16054
16059
16064
16063
16071
16070
16060
16067
16056
16062
16058
16064
16050
16055
16056
16046
16049
16058
16067
16047
16055
16058
16055
16067
16059
16058
16066
16058
16042
16052
0
0
0
0
0
0
0
0
0
0
0
0
0
0
0
0
0
0
0
0
0
0
0
0
0
0
0
0
0
10000
11
10000
2755715235
10000
16400
16393
16370
16399
16380
16368
16389
16398
16379
16387
16400
16353
16401
16390
16363
16395
16395
16377
16382
16381
16373
16388
16398
16377
16379
16384
16374
16377
16367
16401
16392
0
0
0
0
0
0
0
0
0
0
0
0
0
0
0
0
0
0
0
0
0
0
0
0
0
0
0
0
0
10000
12
10000
2756448253
10000
16054
16065
16044
16059
16052
16056
16052
16063
16055
16057
16062
16060
16062
16056
16072
16053
16061
16074
16069
16068
16071
16069
16056
16046
16055
16065
16053
16058
16076
16066
16063
0
0
0
0
0
0
0
0
0
0
0
0
0
0
0
0
0
0
0
0
0
0
0
0
0
0
0
0
0
10000
11
10000
2758903192
10000
16366
16391
16357
16391
16401
16362
16396
16379
16385
16389
16373
16390
16357
16380
16404
16378
16381
16374
16380
16383
16381
16390
16376
16377
16381
16368
16394
16372
16369
16397
16387
0
0
0
0
0
0
0
0
0
0
0
0
0
0
0
0
0
0
0
0
0
0
0
0
0
0
0
0
0
