10000
12
10000
462855215
10000
16053
16058
16044
16038
16032
16038
16012
16007
16030
16007
16018
16020
16014
15988
15990
16010
15996
15988
15998
15998
15995
16024
16002
15995
15988
15992
15995
15999
16006
16014
16053
0
0
0
0
0
0
0
0
0
0
0
0
0
0
0
0
0
0
0
0
0
0
0
0
0
0
0
0
0
10000
11
10000
465311611
10000
16360
16362
16355
16377
16394
16333
16370
16388
16336
16378
16368
16342
16387
16379
16351
16379
16371
16358
16359
16379
16351
16372
16373
16339
16383
16379
16342
16368
16380
16361
16343
0
0
0
0
0
0
0
0
0
0
0
0
0
0
0
0
0
0
0
0
0
0
0
0
0
0
0
0
0
10000
12
10000
466045177
10000
16033
16005
16037
16049
16045
16059
16059
16037
16035
16038
16066
16051
16052
16055
16063
16040
16053
16054
16064
16069
16066
16057
16061
16058
16062
16074
16061
16081
16066
16069
16078
0
0
0
0
0
0
0
0
0
0
0
0
0
0
0
0
0
0
0
0
0
0
0
0
0
0
0
0
0
10000
11
10000
468503471
10000
16369
16372
16346
16377
16371
16357
16365
16362
16360
16360
16364
16379
16360
16366
16364
16363
16355
16370
16365
16350
16367
16359
16349
16379
16342
16351
16376
16332
16351
16380
16384
0
0
0
0
0
0
0
0
0
0
0
0
0
0
0
0
0
0
0
0
0
0
0
0
0
0
0
0
0
10000
11
10000
471692275
10000
16381
16346
16368
16378
16358
16371
16375
16344
16366
16363
16345
16371
16339
16359
16371
16349
16353
16374
16354
16360
16373
16357
16347
16365
16359
16351
16362
16350
16362
16360
16362
0
0
0
0
0
0
0
0
0
0
0
0
0
0
0
0
0
0
0
0
0
0
0
0
0
0
0
0
0
10000
12
10000
472425669
10000
16063
16047
16047
16034
16042
16047
16051
16048
16053
16060
16052
16045
16055
16051
16068
16056
16065
16041
16045
16046
16061
16067
16065
16056
16055
16046
16048
16062
16068
16058
16062
0
0
0
0
0
0
0
0
0
0
0
0
0
0
0
0
0
0
0
0
0
0
0
0
0
0
0
0
0
10000
11
10000
474879245
10000
16357
16369
16365
16364
16364
16363
16368
16367
16364
16356
16345
16345
16355
16370
16357
16347
16365
16355
16346
16367
16351
16369
16365
16355
16362
16371
16348
16375
16360
16352
16350
0
0
0
0
0
0
0
0
0
0
0
0
0
0
0
0
0
0
0
0
0
0
0
0
0
0
0
0
0
10000
12
10000
475612763
10000
16053
16058
16055
16054
16052
16058
16057
16070
16060
16069
16050
16059
16053
16059
16051
16063
16060
16055
16063
16067
16047
16045
16052
16039
16060
16043
16044
16047
16036
16049
16032
0
0
0
0
0
0
0
0
0
0
0
0
0
0
0
0
0
0
0
0
0
0
0
0
0
0
0
0
0
10000
11
10000
478067187
10000
16355
16371
16357
16349
16365
16349
16343
16364
16355
16350
16363
16350
16359
16368
16355
16363
16366
16364
16362
16362
16353
16365
16371
16353
16361
16361
16367
16364
16367
16338
16357
0
0
0
0
0
0
0
0
0
0
0
0
0
0
0
0
0
0
0
0
0
0
0
0
0
0
0
0
0
10000
12
10000
478800640
10000
16063
16043
16046
16046
16041
16047
16049
16046
16056
16044
16048
16066
16044
16050
16046
16040
16046
16041
16035
16055
16042
16051
16050
16038
16043
16056
16033
16032
16046
16038
16043
0
0
0
0
0
0
0
0
0
0
0
0
0
0
0
0
0
0
0
0
0
0
0
0
0
0
0
0
0
10000
11
10000
482240496
10000
16357
16367
16363
16372
16351
16368
16377
16339
16383
16382
16339
16374
16373
16356
16370
16365
16353
16370
16341
16348
16380
16350
16354
16372
16352
16354
16368
16344
16365
16375
16354
16360
16375
16352
16344
16361
16361
16368
16349
16375
16354
0
0
0
0
0
0
0
0
0
0
0
0
0
0
0
0
0
0
0
10000
12
10000
482973963
10000
16047
16049
16038
16049
16047
16054
16056
16055
16060
16068
16042
16060
16051
16064
16059
16049
16044
16058
16062
16057
16045
16038
16087
16056
16068
16061
16069
16049
16063
16039
16050
16060
16054
16051
16051
16045
16047
16053
16035
16055
16051
0
0
0
0
0
0
0
0
0
0
0
0
0
0
0
0
0
0
0
10000
11
10000
485429460
10000
16357
16353
16366
16357
16362
16370
16368
16356
16359
16360
16360
16356
16354
16347
16352
16357
16361
16358
16358
16359
16377
16353
16353
16374
16342
16357
16361
16350
16353
16376
16365
0
0
0
0
0
0
0
0
0
0
0
0
0
0
0
0
0
0
0
0
0
0
0
0
0
0
0
0
0
10000
12
10000
486162698
10000
16043
16056
16050
16057
16070
16043
16044
16057
16051
16051
16061
16045
16041
16065
16054
16065
16046
16062
16058
16059
16037
16055
16057
16056
16050
16047
16058
16063
16054
16052
16057
0
0
0
0
0
0
0
0
0
0
0
0
0
0
0
0
0
0
0
0
0
0
0
0
0
0
0
0
0
10000
11
10000
488617237
10000
16364
16353
16367
16364
16357
16365
16371
16345
16373
16377
16348
16374
16377
16362
16358
16362
16358
16363
16362
16354
16375
16361
16364
16366
16357
16361
16355
16360
16368
16363
16360
0
0
0
0
0
0
0
0
0
0
0
0
0
0
0
0
0
0
0
0
0
0
0
0
0
0
0
0
0
10000
12
10000
489352777
10000
16049
16038
16060
16050
16046
16048
16048
16048
16057
16052
16051
16064
16055
16062
16071
16057
16059
16064
16047
16050
16041
16056
16051
16052
16052
16049
16049
16056
16050
16043
16050
0
0
0
0
0
0
0
0
0
0
0
0
0
0
0
0
0
0
0
0
0
0
0
0
0
0
0
0
0
10000
11
10000
491808253
10000
16357
16365
16358
16359
16358
16358
16357
16368
16360
16354
16364
16365
16351
16359
16353
16345
16364
16352
16356
16373
16357
16353
16367
16350
16367
16367
16375
16337
16312
16412
16384
0
0
0
0
0
0
0
0
0
0
0
0
0
0
0
0
0
0
0
0
0
0
0
0
0
0
0
0
0
10000
12
10000
492541560
10000
16048
16043
16063
16062
16056
16066
16056
16064
16069
16070
16055
16069
16068
16022
16046
16035
16055
16047
16054
16030
16053
16051
16040
16055
16056
16031
16047
15997
16054
16170
16046
0
0
0
0
0
0
0
0
0
0
0
0
0
0
0
0
0
0
0
0
0
0
0
0
0
0
0
0
0
10000
11
10000
495980586
10000
16422
16301
16426
16410
16341
16420
16388
16325
16393
16384
16373
16357
16338
16383
16343
16389
16363
16333
16327
16383
16346
16353
16339
16379
16364
16344
16353
16370
16355
16362
16371
16373
16356
16367
16373
16363
16363
16368
16347
16337
0
0
0
0
0
0
0
0
0
0
0
0
0
0
0
0
0
0
0
0
10000
12
10000
498684825
10000
16045
16040
16044
15950
16076
16009
16044
16046
16070
16055
16042
16061
16050
16045
16035
16041
16048
16044
16042
16037
16050
16029
16030
16028
16022
16028
16026
16032
16041
16047
16045
16037
16020
16009
16020
16025
16031
16047
16018
16039
16048
16032
16038
16071
16050
16070
16054
16065
16062
16055
16057
16054
16050
16052
16043
16050
16055
16044
16040
16045
10000
11
10000
505080673
10000
16358
16364
16360
16367
16365
16363
16354
16353
16362
16352
16350
16363
16355
16363
16374
16363
16366
16361
16353
16372
16360
16355
16356
16362
16357
16368
16369
16354
16358
16364
16357
16353
16351
16352
16369
16358
16355
16367
16366
16359
16354
16356
16366
16360
16355
16360
16357
16362
16358
16361
16356
16364
16367
16354
16356
16356
16350
16371
16364
16357
10000
12
10000
507784647
10000
16064
16075
16058
16062
16052
16055
16039
16057
16054
16040
16055
16045
16041
16049
16048
16033
16045
16032
16038
16037
16036
16043
16033
16028
16033
16037
16058
16036
16033
16033
16046
16025
16031
16043
16031
16037
16013
16033
16054
16047
16029
16045
16045
16034
16042
16050
16036
16064
16051
16040
16024
16024
16035
16031
16020
16013
16030
16022
16027
16035
10000
11
10000
514181121
10000
16371
16369
16365
16352
16357
16363
16356
16347
16362
16360
16359
16357
16352
16360
16360
16362
16366
16357
16348
16360
16353
16363
16348
16354
16359
16359
16349
16358
16356
16358
16366
16358
16367
16354
16361
16369
16364
16372
16369
16351
16353
16363
16350
16365
16359
16361
16348
16369
16357
16363
16360
16361
16364
16359
16367
16357
16359
16362
16351
16355
10000
12
10000
516885055
10000
16035
16044
16029
16036
16018
16020
16032
16031
16026
16027
16027
16020
16039
16021
16020
16025
16032
16020
16030
16018
16011
16020
16016
16026
16017
16015
16033
16024
16041
16029
16027
16033
16052
16017
16043
16035
16021
16048
16025
16009
16040
16042
16037
16043
16037
16027
16031
16037
16035
16044
16036
16029
16050
16037
16045
16062
16042
16046
16052
16028
10000
11
10000
523281610
10000
16368
16353
16360
16390
16312
16322
16343
16368
16377
16347
16371
16350
16405
16307
16310
16329
16399
16375
16354
16331
16327
16390
16339
16361
16356
16374
16372
16361
16357
16342
16395
16330
16357
16382
16354
16358
16366
16363
16369
16353
16372
16371
16354
16374
16366
16365
16360
16354
16363
16362
16354
16377
16346
16363
16355
16348
16370
16371
16353
16351
10000
12
10000
525985364
10000
16000
15994
16024
16006
16014
16051
16019
15995
16025
16029
16024
16024
16029
16031
16039
16042
16038
16032
16043
16023
16031
16028
16026
16043
16028
16026
16037
16031
16019
16017
16043
16037
16017
16040
16033
16017
16030
16020
16016
16029
16029
16020
16021
16030
16032
16044
16050
16033
16042
16037
16027
16035
16030
16034
16016
16035
16030
16048
16044
16038
10000
11
10000
531397826
10000
16372
16363
16351
16351
16375
16357
16357
16359
16370
16370
16347
16367
16367
16355
16356
16354
16377
16353
16366
16359
16370
16363
16371
16342
16370
16363
16350
16375
16364
16352
16361
16367
16362
16365
16368
16353
16365
16371
16358
16361
16371
16347
16376
16370
16350
16365
16367
16347
16365
16354
16357
16373
16361
16346
16347
16365
16352
16355
16359
16360
10000
12
10000
533116253
10000
16057
16039
16049
16046
16039
16056
16054
16055
16059
16058
16058
16055
16052
16052
16055
16050
16050
16058
16057
16065
16060
16059
16056
16055
16050
16060
16054
16059
16076
16058
16068
16067
16079
16083
16064
16040
16079
16047
16052
16063
16052
16051
16056
16061
16067
16061
16075
16047
16048
16024
16041
16034
16043
16054
16049
16037
16047
16049
16041
16029
10000
11
10000
537542588
10000
16365
16374
16361
16368
16366
16358
16356
16363
16353
16364
16366
16362
16359
16362
16362
16367
16367
16357
16371
16369
16367
16367
16375
16345
16378
16367
16349
16371
16379
16345
16360
16369
16343
16368
16363
16350
16375
16369
16353
16363
16356
16350
16360
16378
16346
16368
16363
16362
16357
16362
16367
16363
16355
16356
16356
16360
16352
16359
16352
16355
10000
12
10000
539262273
10000
16042
16046
16040
16046
16046
16043
16047
16025
16052
16036
16040
16025
16050
16036
16043
16032
16061
16035
16027
16041
16022
16039
16036
16025
16042
16034
16025
16047
16056
16034
16053
16055
16054
16044
16064
16044
16058
16037
16053
16064
16055
16053
16052
16048
16057
16045
16068
16056
16044
16050
16047
16040
16046
16079
16042
16044
16056
16043
16038
16056
10000
11
10000
541718438
10000
16360
16362
16354
16360
16365
16363
16359
16367
16339
16369
16376
16346
16375
16363
16347
16370
16370
16355
16364
16374
16355
16370
16378
16355
16377
16364
16341
16383
16339
16352
16377
16338
16351
16374
16355
16355
16360
16369
16352
16364
16362
0
0
0
0
0
0
0
0
0
0
0
0
0
0
0
0
0
0
0
10000
12
10000
542453094
10000
16056
16048
16057
16051
16039
16054
16045
16030
16037
16035
16020
16038
16037
16036
16044
16048
16035
16027
16040
16053
16034
16047
16048
16030
16042
16057
16031
16044
16044
16041
16054
16040
0
0
0
0
0
0
0
0
0
0
0
0
0
0
0
0
0
0
0
0
0
0
0
0
0
0
0
0
10000
11
10000
544909061
10000
16359
16355
16358
16363
16365
16355
16367
16358
16346
16359
16371
16347
16365
16360
16341
16366
16366
16350
16371
16364
16364
16368
16369
16346
16370
16377
16349
16368
16375
16352
16369
16370
0
0
0
0
0
0
0
0
0
0
0
0
0
0
0
0
0
0
0
0
0
0
0
0
0
0
0
0
10000
12
10000
545644955
10000
16035
16037
16041
16023
16027
16031
16020
16036
16026
16017
16016
16022
16021
16023
16027
16028
16032
16038
16053
16046
16040
16044
16030
16037
16027
16022
16052
16048
16018
16026
16028
0
0
0
0
0
0
0
0
0
0
0
0
0
0
0
0
0
0
0
0
0
0
0
0
0
0
0
0
0
10000
11
10000
548099820
10000
16348
16357
16377
16346
16347
16369
16344
16354
16370
16345
16362
16372
16359
16353
16358
16360
16356
16352
16361
16353
16356
16352
16347
16376
16364
16365
16352
16367
16349
16356
16352
0
0
0
0
0
0
0
0
0
0
0
0
0
0
0
0
0
0
0
0
0
0
0
0
0
0
0
0
0
10000
12
10000
549827706
10000
16039
16034
16037
16021
16029
16037
16026
16038
16025
16044
16051
16041
16050
16030
16020
16026
16044
16021
16037
16043
16028
16043
16034
16027
16054
16050
16019
16044
16027
16026
16037
16027
16031
16032
16034
16048
16053
16047
16038
16053
16039
0
0
0
0
0
0
0
0
0
0
0
0
0
0
0
0
0
0
0
10000
11
10000
554253544
10000
16345
16367
16349
16366
16374
16352
16375
16372
16352
16371
16381
16349
16371
16363
16358
16366
16365
16349
16373
16372
16345
16373
16367
16354
16372
16372
16353
16364
16360
16354
16368
16373
16341
16368
16379
16348
16374
16367
16357
16368
16353
16359
16358
16354
16361
16357
16367
16370
16348
16355
16363
16362
16352
16371
16366
16349
16372
16362
16350
16372
10000
12
10000
555972500
10000
16039
16043
16055
16044
16041
16029
16054
16029
16042
16062
16040
16046
16074
16053
16056
16066
16039
16057
16073
16052
16046
16058
16042
16052
16072
16058
16065
16066
16075
16060
16071
16075
16080
16079
16080
16065
16056
16063
16051
16043
16058
16057
16058
16059
16039
16062
16056
16031
16054
16050
16049
16042
16052
16042
16027
16034
16028
16030
16031
16026
10000
11
10000
560399667
10000
16371
16351
16378
16383
16326
16373
16375
16345
16391
16380
16334
16373
16366
16353
16381
16364
16341
16371
16371
16351
16368
16365
16355
16369
16374
16351
16364
16366
16357
16366
16374
16340
16367
16363
16358
16365
16358
16359
16358
16360
16360
16368
16355
16370
16339
16350
16369
16348
16360
16375
16373
16347
16353
16376
16342
16357
16372
16348
16341
16387
10000
12
10000
562117706
10000
16031
16023
16029
16044
16028
16057
16035
16026
16029
16020
16023
16032
16009
16022
16043
16054
16066
16057
16032
16042
16053
16038
16046
16040
16044
16045
16049
16036
16055
16037
16041
16040
16047
16074
16078
16062
16070
16055
16060
16072
16061
16062
16081
16052
16068
16052
16042
16054
16033
16038
16037
16041
16035
16041
16054
16048
16045
16059
16048
16053
10000
11
10000
565556470
10000
16347
16340
16375
16347
16358
16369
16338
16349
16378
16343
16353
16378
16354
16341
16371
16342
16360
16367
16358
16366
16357
16358
16363
16364
16356
16359
16357
16373
16348
16354
16348
16357
16369
16363
16361
16343
16369
16363
16352
16374
16370
16342
16369
16377
16354
16366
16375
16350
16374
16385
16376
0
0
0
0
0
0
0
0
0
10000
12
10000
566290926
10000
16043
16048
16056
16034
16040
16055
16038
16068
16043
16055
16059
16055
16021
16047
16032
16036
16055
16036
16045
16063
16048
16065
16053
16047
16051
16042
16044
16057
16048
16067
16050
16053
16061
16032
16023
16031
16052
16022
16042
16019
16034
0
0
0
0
0
0
0
0
0
0
0
0
0
0
0
0
0
0
0
10000
11
10000
568745243
10000
16348
16345
16375
16340
16347
16390
16339
16343
16363
16345
16355
16365
16348
16350
16367
16345
16341
16374
16356
16346
16371
16353
16352
16377
16354
16353
16352
16357
16361
16357
16353
0
0
0
0
0
0
0
0
0
0
0
0
0
0
0
0
0
0
0
0
0
0
0
0
0
0
0
0
0
10000
12
10000
569478621
10000
16044
16035
16026
16033
16042
16026
16044
16022
16008
16027
16016
16034
16039
16029
16028
16021
16024
16028
16028
16019
16040
16022
16040
16029
16028
16040
16025
16029
16028
16029
16029
16044
0
0
0
0
0
0
0
0
0
0
0
0
0
0
0
0
0
0
0
0
0
0
0
0
0
0
0
0
10000
11
10000
571931919
10000
16365
16360
16347
16367
16385
16354
16352
16368
16355
16370
16363
16348
16375
16372
16338
16379
16373
16339
16381
16385
16340
16384
16373
16337
16380
16377
16346
16370
16368
16353
16356
0
0
0
0
0
0
0
0
0
0
0
0
0
0
0
0
0
0
0
0
0
0
0
0
0
0
0
0
0
10000
12
10000
572664347
10000
16050
16034
16043
16049
16028
16034
16034
16029
16045
16026
16043
16045
16050
16034
16036
16049
16047
16043
16043
16051
16051
16052
16056
16036
16058
16042
16046
16051
16036
16054
16024
0
0
0
0
0
0
0
0
0
0
0
0
0
0
0
0
0
0
0
0
0
0
0
0
0
0
0
0
0
10000
11
10000
576112972
10000
16371
16368
16355
16364
16364
16353
16375
16370
16347
16368
16374
16357
16370
16366
16363
16358
16362
16359
16361
16372
16359
16364
16359
16371
16358
16348
16365
16335
16346
16383
16328
16332
16388
16334
16351
16374
16343
16349
16375
16348
16338
0
0
0
0
0
0
0
0
0
0
0
0
0
0
0
0
0
0
0
10000
12
10000
576846397
10000
16054
16050
16036
16042
16038
16026
16033
16030
16026
16035
16040
16045
16041
16034
16052
16033
16038
16053
16035
16036
16039
16039
16050
16031
16026
16029
16034
16016
16042
16033
16036
16025
16014
16032
16034
16023
16019
16039
16037
16044
16043
0
0
0
0
0
0
0
0
0
0
0
0
0
0
0
0
0
0
0
10000
11
10000
579299736
10000
16386
16373
16347
16375
16387
16347
16372
16385
16346
16377
16369
16359
16370
16370
16345
16379
16363
16358
16367
16362
16360
16365
16357
16354
16353
16359
16361
16357
16361
16353
16363
0
0
0
0
0
0
0
0
0
0
0
0
0
0
0
0
0
0
0
0
0
0
0
0
0
0
0
0
0
10000
12
10000
580032196
10000
16035
16044
16042
16037
16046
16040
16041
16050
16030
16045
16050
16039
16042
16025
16036
16052
16038
16020
16035
16039
16037
16041
16025
16038
16047
16047
16032
16054
16047
16063
16057
0
0
0
0
0
0
0
0
0
0
0
0
0
0
0
0
0
0
0
0
0
0
0
0
0
0
0
0
0
