10000
11
10000
3170423174
10000
16357
16403
16394
16364
16406
16395
16361
16402
16401
16363
16402
16409
16364
16396
16395
16364
16390
16391
16369
16397
16388
16369
16385
16386
16380
16393
16386
16367
16389
16388
16395
0
0
0
0
0
0
0
0
0
0
0
0
0
0
0
0
0
0
0
0
0
0
0
0
0
0
0
0
0
10000
12
10000
3171157136
10000
16068
16075
16064
16068
16063
16088
16083
16070
16070
16061
16074
16058
16055
16075
16067
16068
16065
16062
16066
16071
16064
16070
16064
16070
16038
16055
16065
16057
16061
16057
16054
0
0
0
0
0
0
0
0
0
0
0
0
0
0
0
0
0
0
0
0
0
0
0
0
0
0
0
0
0
10000
11
10000
3173612786
10000
16377
16384
16389
16379
16377
16361
16391
16375
16369
16384
16385
16379
16394
16362
16377
16403
16367
16360
16407
16369
16363
16395
16376
16373
16386
16369
16366
16398
16361
16352
16368
0
0
0
0
0
0
0
0
0
0
0
0
0
0
0
0
0
0
0
0
0
0
0
0
0
0
0
0
0
10000
12
10000
3174345759
10000
16054
16065
16060
16067
16059
16060
16061
16068
16067
16061
16058
16077
16071
16074
16090
16053
16077
16067
16059
16055
16055
16058
16063
16052
16049
16071
16067
16071
16069
16062
16060
0
0
0
0
0
0
0
0
0
0
0
0
0
0
0
0
0
0
0
0
0
0
0
0
0
0
0
0
0
10000
11
10000
3176800215
10000
16393
16363
16363
16406
16359
16374
16393
16365
16364
16380
16355
16377
16386
16371
16367
16393
16378
16372
16381
16381
16377
16387
16381
16395
16359
16396
16386
16366
16407
16419
16418
0
0
0
0
0
0
0
0
0
0
0
0
0
0
0
0
0
0
0
0
0
0
0
0
0
0
0
0
0
10000
12
10000
3177533103
10000
16063
16051
16060
16058
16054
16060
16065
16065
16068
16069
16078
16066
16062
16056
16059
16052
16049
16053
16093
16036
16056
16020
16070
16094
16050
16111
16059
16064
16051
16058
16052
0
0
0
0
0
0
0
0
0
0
0
0
0
0
0
0
0
0
0
0
0
0
0
0
0
0
0
0
0
10000
11
10000
3179990573
10000
16352
16405
16412
16363
16397
16394
16364
16409
16401
16349
16401
16404
16368
16391
16401
16368
16392
16405
16354
16416
16406
16368
16411
16405
16366
16398
16400
16358
16389
16389
16388
0
0
0
0
0
0
0
0
0
0
0
0
0
0
0
0
0
0
0
0
0
0
0
0
0
0
0
0
0
10000
12
10000
3180724491
10000
16075
16053
16061
16046
16058
16057
16062
16067
16064
16073
16074
16072
16082
16080
16071
16088
16065
16073
16076
16064
16063
16073
16080
16058
16091
16087
16031
16082
16080
16100
16051
0
0
0
0
0
0
0
0
0
0
0
0
0
0
0
0
0
0
0
0
0
0
0
0
0
0
0
0
0
10000
11
10000
3183178991
10000
16420
16360
16372
16372
16388
16381
16374
16377
16393
16374
16408
16411
16348
16410
16383
16388
16347
16358
16407
16347
16358
16404
16359
16359
16388
16381
16378
16398
16377
16377
16377
0
0
0
0
0
0
0
0
0
0
0
0
0
0
0
0
0
0
0
0
0
0
0
0
0
0
0
0
0
10000
12
10000
3183911952
10000
16082
16077
16088
16081
16086
16067
16113
16087
16067
16073
16068
16043
16064
16066
16073
16063
16060
16071
16059
16064
16065
16075
16076
16062
16075
16077
16072
16072
16069
16069
16068
0
0
0
0
0
0
0
0
0
0
0
0
0
0
0
0
0
0
0
0
0
0
0
0
0
0
0
0
0
10000
11
10000
3186366370
10000
16401
16369
16369
16399
16370
16379
16405
16357
16374
16394
16356
16372
16396
16369
16376
16385
16370
16366
16402
16368
16356
16395
16385
16371
16379
16389
16376
16397
16379
16382
16386
0
0
0
0
0
0
0
0
0
0
0
0
0
0
0
0
0
0
0
0
0
0
0
0
0
0
0
0
0
10000
12
10000
3187099323
10000
16069
16068
16070
16060
16059
16063
16075
16066
16066
16065
16059
16073
16055
16078
16066
16058
16070
16062
16069
16070
16072
16075
16090
16084
16082
16074
16070
16072
16078
16072
16077
0
0
0
0
0
0
0
0
0
0
0
0
0
0
0
0
0
0
0
0
0
0
0
0
0
0
0
0
0
10000
11
10000
3189553823
10000
16387
16378
16377
16388
16386
16391
16378
16390
16390
16379
16378
16393
16382
16389
16400
16379
16396
16390
16373
16400
16387
16369
16401
16400
16358
16393
16400
16374
16391
16401
16398
0
0
0
0
0
0
0
0
0
0
0
0
0
0
0
0
0
0
0
0
0
0
0
0
0
0
0
0
0
10000
12
10000
3190286792
10000
16068
16081
16072
16083
16061
16076
16083
16086
16063
16076
16073
16080
16097
16078
16083
16077
16082
16082
16073
16085
16098
16074
16079
16097
16080
16099
16081
16074
16082
16081
16093
0
0
0
0
0
0
0
0
0
0
0
0
0
0
0
0
0
0
0
0
0
0
0
0
0
0
0
0
0
10000
11
10000
3192740300
10000
16378
16392
16384
16375
16388
16386
16376
16373
16394
16372
16399
16390
16379
16389
16391
16374
16388
16401
16374
16388
16388
16377
16392
16383
16380
16386
16378
16396
16363
16379
16374
0
0
0
0
0
0
0
0
0
0
0
0
0
0
0
0
0
0
0
0
0
0
0
0
0
0
0
0
0
10000
12
10000
3193473350
10000
16074
16093
16079
16081
16076
16084
16092
16071
16088
16083
16069
16061
16086
16079
16076
16090
16066
16066
16075
16067
16066
16072
16082
16073
16072
16075
16090
16082
16073
16070
16075
0
0
0
0
0
0
0
0
0
0
0
0
0
0
0
0
0
0
0
0
0
0
0
0
0
0
0
0
0
10000
11
10000
3195928782
10000
16399
16374
16377
16392
16376
16385
16385
16382
16374
16388
16363
16377
16391
16370
16370
16385
16366
16374
16388
16371
16380
16391
16371
16373
16384
16378
16374
16398
16376
16385
16376
0
0
0
0
0
0
0
0
0
0
0
0
0
0
0
0
0
0
0
0
0
0
0
0
0
0
0
0
0
10000
12
10000
3196661761
10000
16072
16071
16079
16074
16073
16065
16066
16075
16064
16069
16078
16073
16072
16075
16069
16068
16055
16053
16071
16070
16076
16064
16064
16058
16067
16069
16080
16071
16063
16070
16064
0
0
0
0
0
0
0
0
0
0
0
0
0
0
0
0
0
0
0
0
0
0
0
0
0
0
0
0
0
10000
11
10000
3199117182
10000
16383
16370
16369
16394
16380
16373
16389
16387
16391
16380
16386
16392
16381
16389
16382
16381
16386
16377
16382
16389
16389
16366
16393
16389
16376
16381
16398
16376
16395
16390
16390
0
0
0
0
0
0
0
0
0
0
0
0
0
0
0
0
0
0
0
0
0
0
0
0
0
0
0
0
0
10000
12
10000
3199851119
10000
16069
16060
16065
16058
16068
16068
16074
16058
16065
16062
16061
16056
16059
16061
16075
16062
16064
16069
16045
16072
16046
16060
16051
16054
16051
16064
16071
16059
16073
16072
16069
0
0
0
0
0
0
0
0
0
0
0
0
0
0
0
0
0
0
0
0
0
0
0
0
0
0
0
0
0
10000
11
10000
3202305479
10000
16369
16387
16387
16369
16384
16393
16373
16408
16391
16375
16391
16393
16378
16385
16386
16388
16380
16385
16377
16391
16374
16384
16385
16370
16387
16380
16383
16381
16375
16394
16371
0
0
0
0
0
0
0
0
0
0
0
0
0
0
0
0
0
0
0
0
0
0
0
0
0
0
0
0
0
10000
12
10000
3203038499
10000
16061
16054
16061
16056
16061
16068
16062
16059
16062
16054
16060
16057
16042
16049
16051
16052
16051
16064
16054
16063
16074
16053
16055
16061
16059
16054
16061
16067
16059
16064
16066
0
0
0
0
0
0
0
0
0
0
0
0
0
0
0
0
0
0
0
0
0
0
0
0
0
0
0
0
0
10000
11
10000
3205493938
10000
16393
16378
16384
16394
16383
16376
16389
16363
16381
16382
16376
16373
16380
16367
16373
16387
16368
16368
16394
16364
16375
16386
16377
16374
16388
16363
16370
16380
16391
16390
16371
0
0
0
0
0
0
0
0
0
0
0
0
0
0
0
0
0
0
0
0
0
0
0
0
0
0
0
0
0
10000
12
10000
3206227997
10000
16058
16050
16055
16063
16069
16051
16050
16059
16050
16051
16033
16055
16041
16059
16060
16054
16050
16069
16056
16059
16061
16051
16052
16060
16052
16055
16061
16075
16046
16064
16052
0
0
0
0
0
0
0
0
0
0
0
0
0
0
0
0
0
0
0
0
0
0
0
0
0
0
0
0
0
10000
11
10000
3208681262
10000
16382
16373
16370
16395
16376
16373
16393
16370
16379
16386
16376
16384
16382
16381
16381
16381
16381
16375
16380
16390
16384
16374
16394
16389
16380
16380
16396
16384
16386
16388
16388
0
0
0
0
0
0
0
0
0
0
0
0
0
0
0
0
0
0
0
0
0
0
0
0
0
0
0
0
0
10000
12
10000
3209414247
10000
16051
16061
16050
16046
16064
16059
16057
16063
16058
16072
16078
16062
16070
16070
16053
16056
16065
16064
16061
16048
16050
16067
16044
16054
16052
16060
16070
16062
16053
16075
16059
0
0
0
0
0
0
0
0
0
0
0
0
0
0
0
0
0
0
0
0
0
0
0
0
0
0
0
0
0
10000
11
10000
3211870411
10000
16370
16388
16387
16362
16390
16381
16383
16392
16383
16385
16390
16392
16379
16386
16391
16368
16389
16380
16366
16387
16390
16379
16386
16394
16387
16381
16383
16389
16380
16379
16375
0
0
0
0
0
0
0
0
0
0
0
0
0
0
0
0
0
0
0
0
0
0
0
0
0
0
0
0
0
10000
11
10000
3215059815
10000
16393
16385
16389
16390
16378
16381
16387
16366
16369
16378
16385
16374
16365
16386
16388
16398
16380
16376
16377
16366
16373
16388
16376
16369
16384
16367
16369
16387
16385
16379
16366
0
0
0
0
0
0
0
0
0
0
0
0
0
0
0
0
0
0
0
0
0
0
0
0
0
0
0
0
0
10000
12
10000
3215792786
10000
16064
16055
16070
16064
16058
16076
16057
16061
16070
16070
16057
16078
16058
16058
16070
16051
16069
16082
16064
16068
16066
16066
16068
16071
16058
16061
16073
16069
16056
16061
16068
0
0
0
0
0
0
0
0
0
0
0
0
0
0
0
0
0
0
0
0
0
0
0
0
0
0
0
0
0
10000
11
10000
3220230202
10000
16390
16378
16376
16388
16383
16382
16397
16382
16382
16387
16382
16394
16367
16380
16375
16375
16391
16376
16386
16391
16389
16387
16389
16394
16376
16379
16394
16375
16382
16384
16379
16385
16387
16375
16398
16385
16367
16391
16394
16379
16392
16391
16376
16397
16398
16381
16384
16379
16387
16384
0
0
0
0
0
0
0
0
0
0
10000
12
10000
3221948796
10000
16063
16051
16053
16070
16056
16074
16077
16069
16071
16077
16060
16075
16066
16070
16083
16080
16065
16074
16066
16068
16080
16069
16059
16068
16060
16058
16060
16068
16056
16068
16063
16068
16065
16068
16070
16066
16071
16071
16067
16063
16064
16063
16082
16076
16066
16086
16080
16085
16084
16079
16061
16079
16066
16056
16071
16082
16071
16064
16068
16066
10000
11
10000
3226374305
10000
16385
16379
16387
16385
16386
16382
16391
16393
16372
16392
16388
16378
16381
16392
16375
16392
16379
16387
16384
16386
16391
16371
16377
16389
16373
16373
16390
16375
16383
16393
16394
16365
16390
16379
16358
16391
16369
16384
16393
16368
16382
16394
16369
16372
16387
16384
16375
16379
16391
16378
16387
16382
16382
16375
16385
16380
16377
16378
16379
16386
10000
12
10000
3228094001
10000
16062
16068
16077
16064
16084
16092
16073
16089
16078
16078
16081
16075
16066
16070
16068
16069
16072
16048
16075
16070
16074
16061
16075
16070
16079
16083
16077
16078
16069
16073
16078
16081
16073
16086
16077
16089
16067
16070
16084
16074
16068
16079
16065
16067
16078
16064
16087
16080
16083
16076
16082
16069
16083
16084
16075
16092
16091
16091
16072
16089
10000
11
10000
3232521502
10000
16383
16378
16399
16376
16382
16388
16369
16368
16386
16376
16383
16387
16386
16385
16386
16368
16378
16392
16365
16381
16385
16385
16378
16388
16384
16374
16397
16380
16389
16383
16374
16378
16386
16373
16387
16385
16385
16388
16386
16397
16385
16385
16382
16384
16374
16382
16389
16377
16388
16388
16369
16377
16385
16379
16379
16386
16383
16379
16381
16378
10000
12
10000
3234240930
10000
16070
16086
16084
16083
16100
16074
16078
16078
16060
16058
16087
16086
16077
16088
16060
16077
16090
16084
16078
16083
16082
16077
16082
16071
16081
16082
16087
16084
16080
16090
16078
16075
16084
16076
16068
16083
16078
16069
16084
16070
16093
16086
16077
16086
16083
16078
16080
16072
16066
16071
16076
16075
16063
16079
16071
16072
16070
16078
16078
16077
10000
11
10000
3238669490
10000
16381
16363
16379
16377
16363
16382
16369
16375
16399
16369
16375
16397
16376
16370
16383
16379
16371
16389
16373
16381
16385
16386
16377
16384
16371
16375
16380
16373
16383
16393
16388
16383
16379
16389
16385
16387
16387
16379
16390
16389
16376
16369
16385
16380
16372
16389
16381
16373
16395
16393
16379
16372
16390
16367
16367
16395
16358
16367
16395
16395
10000
12
10000
3240389100
10000
16075
16074
16061
16077
16076
16071
16070
16103
16072
16068
16073
16045
16064
16066
16073
16054
16080
16070
16071
16069
16067
16078
16082
16081
16071
16088
16094
16071
16076
16085
16087
16082
16091
16079
16088
16088
16080
16095
16089
16077
16091
16087
16090
16097
16090
16080
16106
16076
16069
16068
16072
16072
16066
16058
16072
16051
16058
16061
16067
16058
10000
11
10000
3244816784
10000
16363
16372
16401
16360
16377
16395
16376
16386
16398
16374
16373
16400
16374
16379
16393
16380
16386
16388
16365
16378
16380
16382
16384
16380
16386
16388
16378
16388
16386
16390
16393
16380
16378
16382
16386
16389
16379
16384
16385
16391
16375
16374
16387
16375
16375
16387
16368
16371
16390
16397
16368
16371
16390
16370
16371
16388
16368
16362
16395
16397
10000
12
10000
3246536421
10000
16057
16065
16067
16051
16064
16069
16051
16071
16054
16062
16052
16061
16049
16071
16065
16078
16083
16056
16086
16078
16072
16077
16072
16073
16060
16072
16085
16068
16074
16076
16065
16086
16093
16075
16071
16081
16049
16078
16085
16050
16080
16074
16056
16070
16088
16079
16087
16063
16075
16073
16082
16078
16075
16074
16075
16075
16073
16088
16084
16082
10000
11
10000
3250964046
10000
16377
16386
16384
16383
16378
16383
16381
16366
16381
16386
16392
16375
16372
16392
16379
16390
16386
16372
16393
16383
16391
16392
16390
16383
16392
16360
16367
16390
16378
16366
16398
16369
16369
16390
16370
16369
16395
16365
16368
16393
16357
16369
16387
16375
16365
16400
16377
16365
16399
16392
16374
16387
16386
16389
16387
16370
16406
16392
16378
16396
10000
12
10000
3252683012
10000
16067
16076
16085
16065
16080
16074
16060
16082
16055
16077
16070
16075
16087
16077
16062
16078
16068
16056
16074
16088
16081
16060
16067
16086
16092
16074
16083
16084
16069
16086
16072
16068
16079
16074
16102
16091
16075
16090
16074
16069
16097
16082
16063
16087
16065
16059
16076
16073
16065
16049
16063
16066
16069
16057
16065
16069
16070
16069
16065
16061
10000
11
10000
3260236039
10000
16376
16368
16391
16376
16368
16404
16378
16366
16386
16371
16377
16393
16372
16386
16382
16380
16368
16390
16379
16384
16384
16387
16383
16380
16395
16400
16378
16382
16396
16379
16389
16387
16375
16391
16397
16378
16404
16399
16381
16398
16395
16382
16393
16395
16376
16395
16390
16367
16403
16396
16365
16357
16394
16370
16369
16396
16376
16365
16393
16398
10000
12
10000
3261955685
10000
16086
16071
16067
16070
16080
16066
16071
16064
16048
16072
16048
16061
16071
16057
16061
16074
16067
16059
16066
16063
16049
16053
16059
16064
16060
16061
16051
16054
16069
16051
16060
16060
16056
16040
16071
16051
16042
16065
16062
16054
16080
16062
16063
16063
16053
16066
16076
16058
16057
16062
16052
16063
16071
16068
16070
16068
16057
16047
16064
16043
10000
11
10000
3264410961
10000
16377
16371
16393
16376
16379
16395
16371
16374
16378
16389
16387
16373
16394
16392
16380
16389
16390
16384
16386
16400
16380
16394
16390
16366
16396
16387
16367
16392
16388
16376
16397
16395
16366
16394
16401
16372
16398
16401
16372
16399
16393
0
0
0
0
0
0
0
0
0
0
0
0
0
0
0
0
0
0
0
10000
12
10000
3265145037
10000
16058
16057
16039
16065
16048
16056
16059
16054
16050
16056
16054
16055
16066
16056
16054
16055
16060
16061
16066
16061
16062
16055
16064
16061
16056
16048
16055
16056
16083
16061
16062
16059
0
0
0
0
0
0
0
0
0
0
0
0
0
0
0
0
0
0
0
0
0
0
0
0
0
0
0
0
10000
11
10000
3267600281
10000
16370
16371
16395
16361
16364
16396
16372
16361
16411
16368
16373
16391
16370
16378
16372
16374
16360
16392
16384
16386
16373
16388
16379
16386
16393
16391
16379
16378
16383
16384
16381
16382
0
0
0
0
0
0
0
0
0
0
0
0
0
0
0
0
0
0
0
0
0
0
0
0
0
0
0
0
10000
12
10000
3268333404
10000
16052
16040
16071
16050
16051
16066
16055
16069
16087
16048
16029
16076
16069
16065
16057
16050
16079
16077
16074
16061
16071
16070
16052
16064
16072
16054
16055
16049
16051
16050
16040
0
0
0
0
0
0
0
0
0
0
0
0
0
0
0
0
0
0
0
0
0
0
0
0
0
0
0
0
0
10000
11
10000
3270788601
10000
16370
16368
16399
16356
16363
16402
16365
16368
16408
16364
16364
16403
16353
16372
16394
16367
16366
16404
16366
16351
16418
16367
16367
16407
16379
16376
16402
16373
16376
16394
16390
0
0
0
0
0
0
0
0
0
0
0
0
0
0
0
0
0
0
0
0
0
0
0
0
0
0
0
0
0
10000
12
10000
3271521678
10000
16070
16057
16050
16071
16059
16053
16069
16040
16064
16059
16052
16077
16075
16063
16076
16071
16063
16060
16061
16062
16061
16066
16078
16058
16072
16064
16041
16061
16080
16039
16056
0
0
0
0
0
0
0
0
0
0
0
0
0
0
0
0
0
0
0
0
0
0
0
0
0
0
0
0
0
10000
11
10000
3273978040
10000
16368
16391
16394
16368
16377
16380
16375
16379
16380
16372
16382
16396
16381
16378
16382
16380
16405
16373
16381
16394
16373
16393
16393
16378
16400
16397
16368
16390
16395
16364
16357
0
0
0
0
0
0
0
0
0
0
0
0
0
0
0
0
0
0
0
0
0
0
0
0
0
0
0
0
0
10000
12
10000
3274711062
10000
16066
16093
16078
16072
16066
16052
16065
16080
16067
16075
16066
16060
16071
16069
16056
16083
16076
16072
16063
16073
16065
16058
16057
16073
16063
16082
16073
16066
16080
16074
16086
0
0
0
0
0
0
0
0
0
0
0
0
0
0
0
0
0
0
0
0
0
0
0
0
0
0
0
0
0
