10000
12
10000
4033653790
10000
16169
16607
19362
18745
18954
16878
16262
16300
13656
16418
15370
19157
17476
18016
15317
20417
15503
16550
15241
16091
11038
11647
14786
17190
14423
16544
17792
16471
17612
15346
17408
18042
0
0
0
0
0
0
0
0
0
0
0
0
0
0
0
0
0
0
0
0
0
0
0
0
0
0
0
0
10000
11
10000
4036107827
10000
16377
16364
16342
16339
16359
16351
16371
16352
16368
16355
16327
16368
16354
16362
16355
16352
16363
16357
16356
16352
16347
16359
16356
16366
16346
16355
16346
16347
16365
16348
16354
16351
0
0
0
0
0
0
0
0
0
0
0
0
0
0
0
0
0
0
0
0
0
0
0
0
0
0
0
0
10000
12
10000
4036840384
10000
15328
15610
15980
15602
15872
16485
16264
16349
14151
14763
19412
16945
13004
20259
14995
16020
14713
20867
19620
15691
14423
14330
11997
18484
15068
15763
19891
17434
18917
15758
14800
0
0
0
0
0
0
0
0
0
0
0
0
0
0
0
0
0
0
0
0
0
0
0
0
0
0
0
0
0
10000
11
10000
4039296305
10000
16343
16353
16358
16373
16352
16355
16349
16344
16354
16371
16354
16371
16355
16348
16355
16365
16345
16360
16370
16364
16351
16367
16358
16367
16361
16360
16355
16350
16369
16361
16366
0
0
0
0
0
0
0
0
0
0
0
0
0
0
0
0
0
0
0
0
0
0
0
0
0
0
0
0
0
10000
12
10000
4041014210
10000
16954
19180
17450
17476
17346
16170
17911
17663
17451
16896
14553
20775
19001
18743
15222
21071
18138
16431
14953
18384
15715
17509
14992
16882
17470
25269
17383
22884
18316
15154
16988
14412
18135
15371
15200
16351
16565
18107
12191
20032
0
0
0
0
0
0
0
0
0
0
0
0
0
0
0
0
0
0
0
0
10000
11
10000
4045440512
10000
16348
16351
16363
16354
16366
16357
16374
16351
16368
16359
16362
16356
16346
16359
16358
16340
16354
16359
16343
16356
16365
16368
16342
16359
16360
16367
16356
16354
16368
16359
16352
16357
16338
16341
16367
16352
16346
16360
16336
16365
16335
16362
16360
16341
16339
16349
16371
16364
16357
16353
16358
16349
16374
16355
16352
16339
16341
16362
16351
16362
10000
12
10000
4047159133
10000
15241
16454
19355
18888
16773
10922
15298
17772
15909
16345
16484
15795
15600
19796
16781
17193
17141
17036
15828
17599
17132
16758
19512
15415
20059
15066
19993
14608
16430
16846
16601
16485
16864
16626
15931
20215
22070
21472
16752
14248
18939
17344
17044
15209
19604
14325
20899
19704
16510
15955
22310
19925
18854
16639
13053
16033
17207
16871
14188
16717
10000
11
10000
4051586338
10000
16341
16365
16358
16357
16368
16373
16347
16354
16360
16364
16351
16341
16364
16349
16347
16351
16354
16359
16341
16364
16357
16361
16357
16345
16373
16336
16354
16336
16338
16359
16346
16367
16361
16360
16353
16342
16369
16344
16355
16356
16359
16360
16356
16355
16354
16358
16353
16362
16351
16364
16360
16358
16360
16355
16356
16348
16355
16358
16356
16358
10000
12
10000
4053304114
10000
22095
15450
16036
17929
16293
14798
19004
14120
12894
14207
20739
11436
26935
18692
15950
18279
20939
21890
21580
18319
14035
17251
22497
15825
17219
15899
14674
14077
17825
16526
17554
16463
15742
16055
23930
19685
19313
15404
15241
20694
17963
15056
17039
16494
19597
17488
13940
17712
15214
18379
17014
15176
18953
17903
15228
18560
13770
17992
17202
21515
10000
11
10000
4057728253
10000
16365
16345
16343
16357
16352
16350
16361
16349
16364
16370
16343
16376
16362
16357
16352
16354
16354
16349
16362
16356
16362
16352
16344
16353
16359
16352
16354
16354
16353
16353
16352
16360
16359
16340
16362
16358
16373
16359
16366
16350
16364
16336
16358
16357
16351
16357
16356
16347
16343
16361
16362
16359
16349
16365
16355
16352
16359
16365
16338
16363
10000
12
10000
4059446008
10000
13430
14983
19215
15618
17157
16397
16379
16334
16935
15097
16475
16439
15828
16603
16589
16315
17893
14869
16932
16420
15849
15619
15835
15919
19496
15339
16061
16334
16251
15916
16057
16251
16924
16223
16150
16421
15993
16207
16173
16135
16141
15849
16341
15541
15919
16652
16960
17706
14443
16036
19442
15857
14726
16551
13948
22302
14637
17525
18077
18321
10000
11
10000
4063871271
10000
16368
16360
16348
16357
16338
16361
16362
16359
16360
16358
16358
16343
16359
16344
16358
16352
16355
16342
16376
16353
16356
16355
16365
16338
16356
16362
16346
16379
16351
16343
16358
16355
16352
16351
16359
16367
16343
16362
16345
16350
16356
16351
16356
16340
16357
16362
16354
16352
16348
16344
16355
16346
16357
16358
16358
16363
16336
16359
16364
16355
10000
12
10000
4064605901
10000
8505
21060
17551
15542
20103
18914
16785
17661
11195
19348
20038
17540
11876
19562
23976
13443
15075
16772
18227
12585
16423
15784
10283
20586
16008
16282
15471
20303
18219
20859
11632
25854
17454
15509
18704
16376
18369
17401
15783
16327
19596
7587
16131
18168
16100
19296
4632
33057
19790
32226
28191
0
0
0
0
0
0
0
0
0
10000
11
10000
4067059646
10000
16363
16374
16353
16347
16354
16346
16345
16315
16368
16349
16347
16375
16348
16373
16352
16375
16359
16341
16343
16347
16347
16349
16354
16344
16358
16355
16364
16351
16352
16342
16367
16356
0
0
0
0
0
0
0
0
0
0
0
0
0
0
0
0
0
0
0
0
0
0
0
0
0
0
0
0
10000
12
10000
4067792321
10000
13542
15666
17621
15877
17955
16808
17328
14519
30686
5059
16513
17131
15453
24568
19798
18574
18375
15833
16340
13483
17711
14652
16826
17856
17239
16088
15082
19724
14321
16219
15686
0
0
0
0
0
0
0
0
0
0
0
0
0
0
0
0
0
0
0
0
0
0
0
0
0
0
0
0
0
10000
11
10000
4070247134
10000
16349
16371
16342
16351
16347
16361
16348
16357
16352
16352
16351
16364
16343
16339
16368
16353
16354
16355
16354
16384
16331
16391
16375
16348
16366
16396
16318
16382
16400
16325
16339
0
0
0
0
0
0
0
0
0
0
0
0
0
0
0
0
0
0
0
0
0
0
0
0
0
0
0
0
0
10000
12
10000
4070980675
10000
15679
16269
16194
19119
19927
13194
20361
16834
15711
16358
17865
12151
18141
18092
15765
17124
13473
14641
17597
14973
19325
15717
17237
15455
15787
17178
18194
12678
12776
16319
16186
0
0
0
0
0
0
0
0
0
0
0
0
0
0
0
0
0
0
0
0
0
0
0
0
0
0
0
0
0
10000
11
10000
4073435350
10000
16342
16380
16341
16352
16363
16342
16379
16362
16346
16351
16350
16351
16343
16318
16374
16340
16375
16321
16399
16374
16336
16360
16357
16358
16361
16365
16365
16346
16348
16370
16360
0
0
0
0
0
0
0
0
0
0
0
0
0
0
0
0
0
0
0
0
0
0
0
0
0
0
0
0
0
10000
12
10000
4074168960
10000
16044
14532
15969
15581
10327
16694
8533
10880
17161
20253
17330
17927
12012
17444
21194
16583
15280
17662
15363
13493
18108
17690
15666
18713
18876
15841
16388
17876
16811
16400
16466
0
0
0
0
0
0
0
0
0
0
0
0
0
0
0
0
0
0
0
0
0
0
0
0
0
0
0
0
0
10000
11
10000
4076625609
10000
16367
16358
16348
16352
16352
16356
16365
16348
16360
16348
16347
16364
16340
16347
16352
16356
16346
16371
16351
16332
16377
16343
16327
16376
16337
16349
16352
16381
16392
16316
16404
0
0
0
0
0
0
0
0
0
0
0
0
0
0
0
0
0
0
0
0
0
0
0
0
0
0
0
0
0
10000
12
10000
4077359155
10000
15684
15963
17114
16724
16805
16768
16373
15854
19959
16403
15748
16780
15642
17698
14613
8025
28775
17834
16784
12414
20523
14094
18767
21260
19866
18791
13839
18154
13488
20099
21308
0
0
0
0
0
0
0
0
0
0
0
0
0
0
0
0
0
0
0
0
0
0
0
0
0
0
0
0
0
10000
11
10000
4079813710
10000
16377
16348
16337
16330
16311
16441
16431
16165
16512
16376
16375
16469
16371
16345
16294
16287
16361
16364
16404
16352
16332
16314
16338
16348
16377
16376
16370
16363
16335
16357
16357
0
0
0
0
0
0
0
0
0
0
0
0
0
0
0
0
0
0
0
0
0
0
0
0
0
0
0
0
0
10000
12
10000
4080546234
10000
16806
13164
14405
21947
20099
16048
14496
14238
15962
17107
17526
19432
18425
13802
14884
22929
9150
17195
24095
11234
17208
17687
17149
12088
18176
14650
13996
17782
17280
15122
16743
0
0
0
0
0
0
0
0
0
0
0
0
0
0
0
0
0
0
0
0
0
0
0
0
0
0
0
0
0
10000
12
10000
4086698761
10000
16496
16943
16503
15842
15681
16915
17182
17005
14748
15255
13397
20500
14251
14429
16525
19155
17910
15761
18860
15301
8670
19172
11279
18851
15077
19355
15212
18326
13656
23209
18612
17544
21638
13216
17551
6811
25560
11078
20703
24035
32661
28382
14927
18079
20297
18089
24448
14971
5464
12826
27264
19824
14736
22119
6899
13456
22849
16585
15983
21559
10000
11
10000
4089152184
10000
16334
16360
16339
16333
16384
16346
16285
16404
16291
16346
16351
16377
16377
16328
16379
16377
16336
16379
16372
16331
16376
16372
16360
16339
16348
16343
16353
16355
16354
16366
16335
16353
16366
16360
16358
16408
16416
16424
16433
16341
16286
0
0
0
0
0
0
0
0
0
0
0
0
0
0
0
0
0
0
0
10000
11
10000
4092340188
10000
16308
16354
16407
16413
16349
16342
16309
16348
16378
16416
16368
16358
16315
16341
16354
16402
16378
16342
16318
16327
16359
16408
16391
16367
16320
16318
16348
16412
16372
16384
16339
16313
0
0
0
0
0
0
0
0
0
0
0
0
0
0
0
0
0
0
0
0
0
0
0
0
0
0
0
0
10000
12
10000
4093072559
10000
15585
7760
27035
18361
16642
16635
15944
15439
15793
16537
16317
16321
16573
16888
15991
16061
16016
16375
16093
16486
17666
17043
15409
18504
14883
18294
16990
14455
17193
16633
16309
26302
0
0
0
0
0
0
0
0
0
0
0
0
0
0
0
0
0
0
0
0
0
0
0
0
0
0
0
0
10000
11
10000
4095529541
10000
16351
16388
16380
16335
16324
16326
16348
16382
16380
16359
16341
16341
16353
16379
16385
16350
16347
16322
16334
16376
16370
16358
16355
16334
16350
16363
16381
16365
16336
16338
16355
0
0
0
0
0
0
0
0
0
0
0
0
0
0
0
0
0
0
0
0
0
0
0
0
0
0
0
0
0
10000
12
10000
4096264149
10000
20709
17746
17002
20668
15806
27788
6750
8102
22702
23016
13686
17321
20283
15388
15925
15915
15808
16886
16843
15817
16571
13353
17542
16663
16812
14750
16113
15474
20335
14295
15183
0
0
0
0
0
0
0
0
0
0
0
0
0
0
0
0
0
0
0
10000
11
10000
4098717231
10000
16377
16371
16360
16345
16335
16355
16371
16377
16380
16351
16327
16354
16376
16367
16376
16341
16349
16345
16371
16351
16372
16350
16364
16334
16362
16360
16377
16355
16349
16343
16356
0
0
0
0
0
0
0
0
0
0
0
0
0
0
0
0
0
0
0
0
0
0
0
0
0
0
0
0
0
10000
12
10000
4100446855
10000
13568
20475
27473
14791
14806
15569
10990
15533
18187
14564
12783
23835
15293
16486
13912
17984
16557
16371
13979
18587
17567
14773
14748
18280
14377
13673
18824
17211
17183
15952
19507
18842
14832
12862
17887
13689
16364
14355
18069
16974
16929
0
0
0
0
0
0
0
0
0
0
0
0
0
0
0
0
0
0
0
10000
11
10000
4104872185
10000
16371
16356
16358
16320
16362
16347
16372
16361
16354
16329
16384
16350
16355
16365
16366
16343
16354
16362
16372
16355
16341
16372
16332
16376
16352
16379
16326
16336
16346
16358
16369
16377
16363
16336
16339
16343
16375
16355
16359
16335
16345
16362
16352
16360
16357
16348
16362
16343
16377
16344
16369
16338
16351
16357
16358
16368
16346
16366
16359
16363
10000
12
10000
4106590853
10000
14952
15584
16510
15124
16963
17947
15220
18062
14779
16822
18147
17703
12875
17255
16837
18347
15944
16873
12286
16170
15838
17632
12532
15134
16792
15634
16085
18998
14058
17650
15103
15930
18874
15792
16425
15983
12683
18392
14654
16798
14226
18440
16305
20165
12837
17965
16586
16118
17148
17045
16076
16057
16966
16458
16197
16920
16013
31238
16596
15560
10000
11
10000
4110039748
10000
16340
16342
16361
16360
16376
16345
16377
16365
16358
16345
16348
16371
16357
16350
16366
16348
16356
16355
16372
16354
16354
16351
16356
16355
16356
16370
16345
16347
16347
16355
16360
16371
16349
16358
16356
16348
16371
16376
16355
16358
16351
16337
16395
16343
16343
16353
16328
16345
16357
16348
16341
0
0
0
0
0
0
0
0
0
10000
12
10000
4110772945
10000
17022
21740
28479
11684
26304
36380
24930
12318
10120
16364
19665
14878
15900
15869
14663
11323
6826
16505
16667
16704
15151
21143
28074
15377
17542
20498
17613
14228
13990
25805
12499
15285
16351
16232
15194
15730
22357
15359
15844
14531
15486
0
0
0
0
0
0
0
0
0
0
0
0
0
0
0
0
0
0
0
10000
11
10000
4113227891
10000
16363
16349
16367
16341
16385
16365
16349
16355
16359
16368
16349
16348
16362
16330
16358
16355
16351
16325
16366
16326
16368
16376
16368
16332
16363
16337
16373
16362
16356
16354
16348
0
0
0
0
0
0
0
0
0
0
0
0
0
0
0
0
0
0
0
0
0
0
0
0
0
0
0
0
0
10000
12
10000
4113961310
10000
16429
14791
18745
4317
14665
16802
17709
16936
16623
14000
16311
15231
19564
15074
6910
28503
12503
16247
15280
14978
15214
19796
16203
10981
18323
18195
15353
16203
17194
17538
8870
0
0
0
0
0
0
0
0
0
0
0
0
0
0
0
0
0
0
0
0
0
0
0
0
0
0
0
0
0
10000
11
10000
4116419037
10000
16366
16340
16361
16362
16360
16317
16356
16365
16381
16348
16367
16361
16344
16349
16357
16369
16351
16337
16345
16352
16363
16359
16349
16347
16349
16354
16360
16363
16359
16355
16350
0
0
0
0
0
0
0
0
0
0
0
0
0
0
0
0
0
0
0
0
0
0
0
0
0
0
0
0
0
10000
12
10000
4117151278
10000
15340
18827
15923
14944
16332
16358
16008
15500
16843
16301
16372
16918
16570
15782
16955
16646
16570
20228
12339
16327
16927
16170
16311
15436
14354
12423
11373
12199
20762
24817
22210
0
0
0
0
0
0
0
0
0
0
0
0
0
0
0
0
0
0
0
0
0
0
0
0
0
0
0
0
0
10000
11
10000
4119607134
10000
16356
16349
16356
16366
16364
16331
16340
16407
16428
16374
16395
16347
16351
16329
16338
16374
16371
16396
16333
16364
16343
16345
16346
16294
16458
16320
16333
16336
16362
16388
16336
0
0
0
0
0
0
0
0
0
0
0
0
0
0
0
0
0
0
0
0
0
0
0
0
0
0
0
0
0
10000
12
10000
4120339563
10000
15540
17327
16508
15738
15908
16712
16484
16727
16469
16312
16207
17337
17005
16147
16211
16501
20564
16634
14606
18459
24871
27448
17084
15886
16691
17010
17556
28182
12191
24794
12738
0
0
0
0
0
0
0
0
0
0
0
0
0
0
0
0
0
0
0
0
0
0
0
0
0
0
0
0
0
10000
12
10000
4124511630
10000
24613
13516
19028
17927
21516
29342
17578
15841
22928
24201
16666
18302
16363
19696
35555
27013
15194
20943
11976
30076
31266
15538
13544
19906
30117
12489
17534
22323
11770
44205
20220
16527
15000
18043
31800
15867
10480
25796
13854
20377
21710
0
0
0
0
0
0
0
0
0
0
0
0
0
0
0
0
0
0
0
10000
11
10000
4126966434
10000
16347
16352
16361
16355
16352
16347
16354
16343
16357
16375
16356
16344
16347
16338
16357
16349
16387
16366
16341
16359
16324
16350
16363
16374
16357
16367
16384
16363
16339
16364
16360
16390
16380
16331
16357
16358
16352
16361
16365
16360
16361
0
0
0
0
0
0
0
0
0
0
0
0
0
0
0
0
0
0
0
10000
12
10000
4129670349
10000
18842
16903
16715
27644
27721
13250
26201
16674
20268
21301
16515
16070
16191
19199
31603
10342
14716
26528
18377
24839
16876
15035
17369
23010
19559
15710
17324
15307
13073
14845
22434
17119
16194
16072
15009
17297
30485
10035
15136
23327
20420
29884
18486
17107
16094
15765
17027
27448
11012
13462
14544
0
0
0
0
0
0
0
0
0
10000
11
10000
4132124282
10000
16345
16369
16371
16355
16369
16349
16366
16347
16360
16347
16360
16353
16338
16363
16361
16339
16377
16371
16358
16359
16352
16345
16355
16354
16362
16356
16360
16338
16362
16358
16356
16352
16341
16363
16349
16338
16375
16356
16325
16375
16339
16355
16351
16347
16336
16374
16353
16312
16394
16367
0
0
0
0
0
0
0
0
0
0
10000
12
10000
4132857483
10000
23162
30336
17806
15626
15959
17850
28473
26100
12518
26046
12285
29919
20639
17597
16067
17604
19355
32349
9656
14080
27022
37435
14573
19251
16189
16673
17390
28351
12531
10840
15037
0
0
0
0
0
0
0
0
0
0
0
0
0
0
0
0
0
0
0
0
0
0
0
0
0
0
0
0
0
10000
11
10000
4135311433
10000
16353
16343
16355
16348
16365
16357
16354
16348
16347
16349
16345
16368
16364
16356
16364
16357
16361
16366
16350
16352
16342
16365
16376
16366
16338
16364
16359
16362
16361
16352
16342
16347
0
0
0
0
0
0
0
0
0
0
0
0
0
0
0
0
0
0
0
0
0
0
0
0
0
0
0
0
10000
12
10000
4136044606
10000
23959
21846
15287
16077
17425
26618
29103
14886
19803
19711
13943
15402
18214
15018
15893
17896
33280
8755
16379
14164
43667
17332
17778
15417
18081
25490
13914
16448
16958
13360
20231
0
0
0
0
0
0
0
0
0
0
0
0
0
0
0
0
0
0
0
10000
11
10000
4138499543
10000
16354
16349
16360
16361
16349
16337
16367
16347
16339
16370
16354
16343
16358
16348
16362
16351
16352
16358
16358
16358
16348
16351
16364
16357
16357
16368
16352
16350
16364
16363
16364
0
0
0
0
0
0
0
0
0
0
0
0
0
0
0
0
0
0
0
0
0
0
0
0
0
0
0
0
0
10000
12
10000
4139233850
10000
22223
18853
16378
16793
16108
16449
16471
16255
16515
16486
16587
16511
16469
16479
16693
16257
16357
16089
17185
17125
16996
17289
16550
16472
15569
17414
19607
16767
16736
15710
16124
0
0
0
0
0
0
0
0
0
0
0
0
0
0
0
0
0
0
0
0
0
0
0
0
0
0
0
0
0
10000
11
10000
4141687950
10000
16346
16362
16350
16355
16354
16360
16352
16363
16363
16352
16358
16344
16360
16363
16348
16370
16346
16346
16359
16357
16368
16344
16353
16352
16354
16361
16356
16361
16357
16347
16343
0
0
0
0
0
0
0
0
0
0
0
0
0
0
0
0
0
0
0
0
0
0
0
0
0
0
0
0
0
10000
12
10000
4142421149
10000
16274
15391
15652
15920
24913
10451
10314
23980
18188
13409
16057
45255
21352
15255
16186
16076
15676
18884
33750
23801
12677
28722
4593
20363
27663
22694
16872
16029
16558
28301
12153
0
0
0
0
0
0
0
0
0
0
0
0
0
0
0
0
0
0
0
0
0
0
0
0
0
0
0
0
0
