10000
12
10000
231575591
10000
15901
12584
19750
21713
15454
18178
18679
16766
9696
19113
16605
16762
24669
13742
20737
17286
15186
20979
14634
19600
14388
16802
14283
15062
21954
19494
15863
16841
16464
17289
16762
17336
15089
20094
18175
17584
13939
18053
18237
17576
19661
0
0
0
0
0
0
0
0
0
0
0
0
0
0
0
0
0
0
0
10000
11
10000
235018522
10000
16362
16355
16366
16349
16359
16360
16354
16361
16363
16358
16354
16358
16353
16362
16369
16366
16377
16366
16352
16379
16375
16347
16373
16384
16347
16376
16364
16348
16377
16383
16334
16367
16376
16344
16371
16367
16346
16379
16366
16344
16360
0
0
0
0
0
0
0
0
0
0
0
0
0
0
0
0
0
0
0
10000
12
10000
235752736
10000
16112
17747
17809
16212
16936
16101
13794
16511
13530
14782
17796
15255
15976
17195
14033
15928
18464
15490
18202
16224
15706
16361
18760
15185
17276
18108
16175
18924
18699
14411
16359
16704
16170
16302
16935
16409
15507
15905
16376
13849
17475
0
0
0
0
0
0
0
0
0
0
0
0
0
0
0
0
0
0
0
10000
11
10000
238206189
10000
16357
16366
16366
16358
16369
16378
16333
16378
16378
16363
16357
16361
16354
16363
16361
16352
16374
16354
16361
16348
16364
16360
16376
16361
16347
16385
16379
16345
16380
16373
16370
0
0
0
0
0
0
0
0
0
0
0
0
0
0
0
0
0
0
0
0
0
0
0
0
0
0
0
0
0
10000
12
10000
238939495
10000
16820
15614
16876
15222
16049
18311
16248
13194
18177
24425
14829
10921
16302
18303
20361
11341
17971
25939
16916
15591
18960
17255
15861
18066
15637
16198
15806
16410
16055
15933
16069
0
0
0
0
0
0
0
0
0
0
0
0
0
0
0
0
0
0
0
0
0
0
0
0
0
0
0
0
0
10000
11
10000
241395709
10000
16359
16364
16379
16339
16359
16375
16350
16371
16365
16343
16353
16361
16346
16382
16375
16337
16365
16389
16342
16380
16381
16339
16349
16374
16334
16361
16369
16363
16336
16346
16369
0
0
0
0
0
0
0
0
0
0
0
0
0
0
0
0
0
0
0
0
0
0
0
0
0
0
0
0
0
10000
12
10000
242129783
10000
16091
16121
16221
16087
16105
16008
16076
16099
16097
16043
16046
15983
16060
16072
16058
16034
16037
16018
16057
16050
16068
16032
16019
16009
16043
16074
16074
16042
15989
16054
16072
0
0
0
0
0
0
0
0
0
0
0
0
0
0
0
0
0
0
0
0
0
0
0
0
0
0
0
0
0
10000
11
10000
244584992
10000
16366
16364
16396
16379
16368
16345
16386
16349
16370
16359
16337
16361
16366
16368
16364
16361
16345
16338
16382
16358
16342
16372
16333
16336
16382
16337
16327
16384
16329
16320
16359
0
0
0
0
0
0
0
0
0
0
0
0
0
0
0
0
0
0
0
0
0
0
0
0
0
0
0
0
0
10000
12
10000
245318012
10000
16063
16024
16049
16034
16060
16063
16088
16039
16057
16021
16037
16059
16078
16036
16017
16028
16037
16055
16036
16020
16011
16026
16036
16011
16068
16011
16033
16005
16056
16025
16023
0
0
0
0
0
0
0
0
0
0
0
0
0
0
0
0
0
0
0
0
0
0
0
0
0
0
0
0
0
10000
11
10000
247771376
10000
16385
16332
16334
16388
16341
16334
16387
16344
16338
16364
16353
16367
16373
16341
16350
16359
16363
16361
16373
16359
16347
16364
16349
16364
16365
16351
16349
16365
16351
16359
16370
0
0
0
0
0
0
0
0
0
0
0
0
0
0
0
0
0
0
0
0
0
0
0
0
0
0
0
0
0
10000
11
10000
251957008
10000
16355
16354
16352
16342
16359
16369
16358
16377
16351
16351
16375
16384
16294
16417
16429
16356
16394
16368
16332
16351
16327
16464
16354
16324
16455
16195
16273
16458
16317
16348
16376
16062
16203
16370
16359
16113
16596
16227
16267
16452
16595
0
0
0
0
0
0
0
0
0
0
0
0
0
0
0
0
0
0
0
10000
12
10000
252690060
10000
15995
16040
16024
15937
16033
16219
16041
16015
15982
15996
16066
16083
15987
15991
15987
16153
15928
16206
15940
16006
15931
16227
16028
16214
15848
16131
15823
15843
16083
16000
15959
16040
16121
15921
16068
16074
15994
16033
16029
16039
16022
0
0
0
0
0
0
0
0
0
0
0
0
0
0
0
0
0
0
0
10000
11
10000
255146286
10000
16147
16161
16516
16177
16230
16463
16293
16331
16404
16329
16344
16338
16378
16379
16376
16340
16329
16365
16325
16348
16395
16344
16327
16361
16333
16356
16366
16352
16353
16378
16368
0
0
0
0
0
0
0
0
0
0
0
0
0
0
0
0
0
0
0
0
0
0
0
0
0
0
0
0
0
10000
12
10000
255879238
10000
16052
16034
16023
16055
16023
16031
16040
16029
16044
16039
16034
16043
16038
16024
16048
16050
16031
16041
16037
16035
16033
16029
16031
16025
16019
16019
16008
16016
16022
16027
16012
0
0
0
0
0
0
0
0
0
0
0
0
0
0
0
0
0
0
0
0
0
0
0
0
0
0
0
0
0
10000
11
10000
258334570
10000
16331
16345
16381
16361
16340
16378
16341
16344
16372
16345
16366
16367
16347
16340
16362
16345
16353
16387
16370
16355
16345
16355
16356
16365
16369
16367
16346
16342
16368
16348
16362
0
0
0
0
0
0
0
0
0
0
0
0
0
0
0
0
0
0
0
0
0
0
0
0
0
0
0
0
0
10000
12
10000
259067464
10000
16026
16018
16003
16013
16026
16008
16031
16042
16015
16016
16027
16013
16056
16049
16056
16059
16068
16036
16059
16037
16030
16043
16034
16038
16037
16052
16033
16051
16048
16042
16052
0
0
0
0
0
0
0
0
0
0
0
0
0
0
0
0
0
0
0
0
0
0
0
0
0
0
0
0
0
10000
11
10000
261521054
10000
16371
16359
16343
16350
16374
16356
16387
16372
16337
16369
16367
16357
16382
16368
16349
16372
16377
16337
16387
16376
16330
16371
16383
16340
16385
16381
16339
16375
16372
16339
16342
0
0
0
0
0
0
0
0
0
0
0
0
0
0
0
0
0
0
0
0
0
0
0
0
0
0
0
0
0
10000
12
10000
262254097
10000
16043
16044
16045
16031
16052
16050
16034
16056
16055
16047
16061
16047
16044
16051
16058
16056
16064
16060
16057
16062
16054
16048
16058
16038
16050
16038
16048
16047
16062
16060
16052
0
0
0
0
0
0
0
0
0
0
0
0
0
0
0
0
0
0
0
0
0
0
0
0
0
0
0
0
0
10000
11
10000
264709425
10000
16391
16368
16346
16381
16374
16343
16364
16362
16358
16364
16373
16336
16374
16368
16351
16365
16368
16345
16370
16356
16349
16362
16364
16376
16344
16338
16369
16347
16371
16372
16384
0
0
0
0
0
0
0
0
0
0
0
0
0
0
0
0
0
0
0
0
0
0
0
0
0
0
0
0
0
10000
12
10000
265442309
10000
16044
16036
16053
16052
16050
16064
16048
16048
16068
16052
16065
16069
16055
16057
16062
16069
16061
16065
16057
16048
16045
16058
16054
16055
16042
16043
16062
16059
16076
16069
16011
0
0
0
0
0
0
0
0
0
0
0
0
0
0
0
0
0
0
0
0
0
0
0
0
0
0
0
0
0
10000
11
10000
267898537
10000
16328
16329
16370
16339
16356
16396
16328
16331
16386
16339
16345
16382
16351
16330
16374
16320
16314
16405
16292
16239
16402
16293
16314
16394
16307
16320
16391
16339
16338
16390
16369
0
0
0
0
0
0
0
0
0
0
0
0
0
0
0
0
0
0
0
0
0
0
0
0
0
0
0
0
0
10000
12
10000
268633149
10000
16101
16069
16050
16049
16026
16056
16051
16033
16078
16009
16053
16066
16159
15993
16095
16025
16075
16027
16070
16017
16048
16045
16062
16038
16037
16043
16039
16050
16052
16056
16044
0
0
0
0
0
0
0
0
0
0
0
0
0
0
0
0
0
0
0
0
0
0
0
0
0
0
0
0
0
10000
11
10000
271088111
10000
16346
16362
16364
16354
16367
16345
16348
16359
16374
16365
16360
16347
16363
16367
16355
16380
16361
16351
16376
16370
16355
16379
16377
16344
16363
16386
16331
16375
16371
16348
16333
0
0
0
0
0
0
0
0
0
0
0
0
0
0
0
0
0
0
0
0
0
0
0
0
0
0
0
0
0
10000
12
10000
271821014
10000
16059
16058
16055
16047
16057
16039
16044
16037
16039
16044
16061
16050
16054
16064
16054
16050
16045
16040
16038
16047
16043
16063
16060
16043
16035
16043
16052
16040
16061
16049
16037
0
0
0
0
0
0
0
0
0
0
0
0
0
0
0
0
0
0
0
0
0
0
0
0
0
0
0
0
0
10000
11
10000
274278476
10000
16360
16370
16355
16380
16387
16346
16377
16368
16334
16374
16380
16335
16382
16379
16344
16377
16373
16341
16361
16366
16342
16368
16350
16366
16366
16366
16363
16360
16358
16358
16360
0
0
0
0
0
0
0
0
0
0
0
0
0
0
0
0
0
0
0
0
0
0
0
0
0
0
0
0
0
10000
12
10000
276982879
10000
16034
16045
16053
16028
16035
16040
16031
16048
16044
16047
16056
16051
16052
16076
16061
16063
16071
16062
16074
16065
16064
16054
16050
16062
16054
16051
16066
16043
16053
16055
16051
16050
16055
16057
16048
16068
16063
16056
16054
16050
16029
16048
16051
16056
16040
16047
16043
16071
16061
16056
0
0
0
0
0
0
0
0
0
0
10000
11
10000
283379501
10000
16380
16339
16349
16378
16339
16344
16381
16331
16342
16367
16339
16342
16376
16343
16354
16365
16362
16360
16362
16356
16366
16355
16364
16360
16354
16370
16363
16354
16366
16359
16353
16370
16376
16365
16366
16368
16352
16363
16375
16350
16341
16358
16355
16339
16367
16356
16345
16376
16350
16341
16380
16375
16336
16378
16378
16341
16375
16380
16349
16349
10000
12
10000
286082623
10000
16060
16046
16051
16050
16047
16056
16035
16033
16056
16039
16051
16060
16042
16060
16064
16044
16057
16039
16043
16059
16053
16058
16046
16033
16034
16049
16050
16026
16040
16034
16037
16029
16050
16028
16028
16013
16034
16016
16032
16045
16040
16032
16038
16038
16036
16034
16019
16042
16029
16025
16022
16029
16033
16028
16031
16032
16032
16045
16029
16039
10000
11
10000
292478889
10000
16382
16348
16330
16374
16342
16343
16378
16336
16353
16366
16349
16334
16383
16347
16352
16365
16337
16342
16380
16343
16337
16386
16330
16325
16373
16345
16337
16375
16361
16357
16362
16347
16361
16359
16363
16364
16352
16371
16353
16350
16378
16378
16329
16397
16383
16320
16390
16400
16328
16325
16397
16369
16352
16369
16363
16355
16347
16355
16368
16345
10000
12
10000
295182221
10000
16029
16044
16037
16026
16028
16027
16036
16034
16018
16027
16042
16032
16038
16022
16047
16042
16033
16033
16029
15997
16030
16024
16028
16048
16039
16041
16052
16036
16042
16073
16062
16026
16033
16035
16054
16062
16015
16050
16031
15992
16017
16043
16020
16047
16040
16042
16042
16051
16036
16034
16041
16029
16048
16042
16040
16053
16040
16035
16045
16045
10000
11
10000
301578671
10000
16362
16371
16374
16372
16365
16372
16370
16351
16373
16372
16342
16385
16381
16350
16359
16371
16349
16366
16377
16341
16384
16377
16342
16380
16377
16345
16387
16390
16342
16377
16386
16345
16394
16367
16336
16375
16375
16341
16375
16374
16338
16343
16377
16357
16352
16373
16354
16361
16373
16367
16352
16343
16376
16358
16357
16366
16354
16357
16350
16351
10000
12
10000
304281977
10000
16037
16039
16037
16030
16036
16036
16044
16042
16043
16050
16048
16040
16043
16048
16043
16050
16037
16049
16038
16042
16042
16037
16037
16038
16037
16037
16061
16029
16054
16043
16049
16045
16052
16041
16032
16033
16052
16048
16040
16040
16050
16045
16043
16047
16034
16054
16042
16052
16062
16052
16049
16038
16040
16040
16057
16060
16037
16035
16048
16029
10000
11
10000
308706122
10000
16368
16353
16363
16362
16343
16331
16387
16308
16328
16403
16332
16332
16370
16354
16358
16384
16341
16330
16392
16331
16345
16380
16341
16349
16380
16347
16352
16360
16360
16364
16358
16358
16360
16364
16362
16349
16371
16363
16366
16357
16377
16379
16357
16372
16374
16355
16363
16376
16355
16341
16371
16369
16340
16382
16376
16355
16364
16373
16344
16333
10000
12
10000
310426190
10000
16036
16017
16034
16024
16038
16009
16038
16039
16041
16018
16023
16031
16026
16010
16016
16038
16016
16060
16022
16029
16031
16035
16030
16045
16042
16029
16036
16044
16021
16046
16036
16019
16032
16024
16015
16030
16031
16041
16030
16027
16047
16039
16023
16029
16030
16017
16034
16020
16031
16027
16049
16042
16032
16020
16032
16027
16032
16031
16035
16025
10000
11
10000
314853669
10000
16380
16335
16343
16373
16349
16329
16374
16347
16349
16376
16341
16338
16378
16341
16343
16376
16348
16355
16362
16362
16339
16361
16347
16370
16346
16372
16364
16365
16367
16374
16354
16363
16358
16352
16377
16364
16347
16368
16370
16340
16379
16366
16342
16381
16371
16343
16359
16364
16357
16357
16368
16363
16347
16366
16363
16351
16369
16370
16336
16349
10000
12
10000
316573355
10000
16020
16033
16018
16021
16010
16010
16038
16032
16026
16021
16019
16015
16032
16028
16029
16029
16023
16015
16026
16015
16014
16010
16021
15999
16024
16029
16038
16029
16016
16024
16025
16037
16026
16047
16043
16040
16033
16039
16035
16044
16029
16018
16013
16027
16008
16022
16024
16023
16013
16035
16022
16032
16029
16040
16036
16020
16030
16042
16026
16015
10000
11
10000
319028740
10000
16362
16355
16337
16368
16349
16351
16378
16355
16364
16368
16340
16358
16363
16346
16363
16356
16357
16348
16367
16365
16362
16360
16368
16362
16361
16367
16364
16367
16373
16363
16361
16370
16366
16347
16368
16375
16349
16367
16374
16356
16362
0
0
0
0
0
0
0
0
0
0
0
0
0
0
0
0
0
0
0
10000
12
10000
319763477
10000
16028
16017
16016
16017
16010
16022
16023
16010
16020
16018
16007
16021
16013
16025
16032
16029
16025
16026
16036
16038
16035
16041
16030
16021
16025
16024
16022
16025
16031
16028
16038
16042
0
0
0
0
0
0
0
0
0
0
0
0
0
0
0
0
0
0
0
0
0
0
0
0
0
0
0
0
10000
11
10000
322217345
10000
16382
16355
16352
16368
16344
16351
16363
16352
16347
16368
16347
16343
16368
16353
16354
16372
16350
16350
16370
16355
16362
16366
16365
16356
16370
16347
16354
16358
16353
16369
16366
16350
0
0
0
0
0
0
0
0
0
0
0
0
0
0
0
0
0
0
0
0
0
0
0
0
0
0
0
0
10000
12
10000
322949961
10000
16035
16050
16048
16042
16040
16042
16039
16053
16055
16056
16049
16049
16047
16051
16055
16059
16062
16067
16065
16066
16058
16074
16059
16051
16064
16053
16071
16074
16065
16064
16066
0
0
0
0
0
0
0
0
0
0
0
0
0
0
0
0
0
0
0
0
0
0
0
0
0
0
0
0
0
10000
11
10000
325405072
10000
16371
16362
16373
16360
16352
16370
16358
16362
16347
16362
16360
16358
16367
16339
16360
16368
16348
16349
16365
16353
16357
16368
16356
16342
16385
16345
16328
16375
16344
16352
16340
0
0
0
0
0
0
0
0
0
0
0
0
0
0
0
0
0
0
0
0
0
0
0
0
0
0
0
0
0
10000
12
10000
326138651
10000
16076
16069
16071
16080
16053
16081
16066
16072
16077
16086
16067
16067
16065
16061
16075
16060
16078
16046
16051
16077
16071
16070
16066
16071
16076
16069
16054
16076
16073
16054
16066
0
0
0
0
0
0
0
0
0
0
0
0
0
0
0
0
0
0
0
0
0
0
0
0
0
0
0
0
0
10000
11
10000
328593616
10000
16375
16360
16361
16386
16351
16362
16350
16350
16353
16370
16360
16373
16358
16360
16352
16364
16374
16362
16358
16352
16351
16365
16363
16367
16365
16366
16366
16356
16374
16366
16367
0
0
0
0
0
0
0
0
0
0
0
0
0
0
0
0
0
0
0
0
0
0
0
0
0
0
0
0
0
10000
12
10000
329326216
10000
16077
16084
16065
16076
16062
16044
16066
16065
16058
16059
16057
16069
16070
16064
16040
16068
16056
16064
16059
16046
16057
16049
16070
16077
16055
16054
16073
16064
16067
16084
16052
0
0
0
0
0
0
0
0
0
0
0
0
0
0
0
0
0
0
0
0
0
0
0
0
0
0
0
0
0
10000
11
10000
331780147
10000
16355
16372
16381
16349
16367
16377
16351
16382
16379
16354
16358
16355
16371
16357
16370
16349
16369
16368
16358
16369
16375
16352
16375
16363
16356
16359
16370
16365
16355
16371
16369
0
0
0
0
0
0
0
0
0
0
0
0
0
0
0
0
0
0
0
0
0
0
0
0
0
0
0
0
0
10000
12
10000
332513595
10000
16059
16065
16051
16057
16065
16049
16049
16069
16055
16054
16053
16056
16064
16052
16065
16048
16069
16066
16056
16043
16072
16054
16066
16068
16047
16060
16062
16050
16040
16064
16061
0
0
0
0
0
0
0
0
0
0
0
0
0
0
0
0
0
0
0
0
0
0
0
0
0
0
0
0
0
10000
11
10000
334967704
10000
16353
16356
16367
16360
16367
16360
16345
16365
16351
16366
16363
16342
16363
16361
16356
16373
16362
16356
16376
16345
16342
16362
16342
16360
16370
16354
16352
16379
16356
16347
16353
0
0
0
0
0
0
0
0
0
0
0
0
0
0
0
0
0
0
0
0
0
0
0
0
0
0
0
0
0
10000
12
10000
336685490
10000
16062
16051
16070
16050
16055
16056
16054
16059
16039
16049
16053
16066
16048
16063
16064
16055
16050
16057
16070
16043
16046
16048
16041
16047
16054
16048
16052
16068
16034
16063
16065
16043
16055
16066
16052
16062
16070
16058
16044
16063
16052
0
0
0
0
0
0
0
0
0
0
0
0
0
0
0
0
0
0
0
10000
11
10000
341113252
10000
16368
16352
16359
16366
16339
16367
16372
16362
16360
16362
16356
16350
16366
16355
16344
16360
16358
16355
16361
16354
16355
16359
16358
16360
16360
16359
16351
16351
16352
16369
16367
16373
16362
16362
16373
16372
16358
16367
16373
16349
16370
16364
16362
16379
16361
16352
16374
16371
16349
16343
16382
16371
16360
16379
16361
16361
16358
16370
16366
16366
10000
12
10000
342833041
10000
16060
16059
16056
16054
16064
16067
16054
16066
16065
16052
16067
16063
16054
16051
16062
16054
16054
16076
16048
16077
16075
16054
16084
16058
16065
16071
16067
16046
16049
16048
16052
16053
16051
16053
16057
16057
16071
16056
16073
16065
16066
16059
16078
16063
16078
16083
16068
16074
16074
16068
16075
16073
16056
16063
16060
16069
16053
16063
16059
16058
10000
11
10000
346273403
10000
16362
16368
16359
16362
16350
16348
16365
16354
16367
16371
16353
16362
16370
16356
16367
16358
16363
16372
16347
16364
16361
16359
16369
16370
16357
16367
16373
16361
16360
16366
16353
16361
16370
16356
16368
16360
16357
16366
16367
16349
16370
16363
16364
16368
16380
16359
16378
16370
16367
16356
0
0
0
0
0
0
0
0
0
0
