10000
11
10000
1851884830
10000
16366
16380
16363
16369
16386
16366
16359
16384
16359
16368
16379
16365
16373
16381
16373
16358
16380
16373
16366
16378
16375
16369
16381
16362
16373
16376
16370
16373
16379
16367
16368
0
0
0
0
0
0
0
0
0
0
0
0
0
0
0
0
0
0
0
0
0
0
0
0
0
0
0
0
0
10000
12
10000
1852617642
10000
16069
16071
16075
16059
16073
16074
16058
16063
16074
16063
16071
16077
16068
16067
16066
16064
16060
16062
16055
16078
16062
16074
16071
16057
16076
16063
16059
16081
16083
16063
16052
0
0
0
0
0
0
0
0
0
0
0
0
0
0
0
0
0
0
0
0
0
0
0
0
0
0
0
0
0
10000
11
10000
1855073602
10000
16385
16372
16363
16395
16373
16369
16386
16350
16362
16379
16384
16370
16388
16367
16358
16392
16360
16379
16383
16363
16376
16383
16356
16396
16394
16374
16380
16387
16364
16364
16370
0
0
0
0
0
0
0
0
0
0
0
0
0
0
0
0
0
0
0
0
0
0
0
0
0
0
0
0
0
10000
12
10000
1855807419
10000
16071
16061
16053
16058
16069
16065
16061
16054
16049
16063
16053
16071
16056
16063
16050
16061
16048
16064
16049
16058
16060
16064
16068
16054
16042
16066
16054
16062
16059
16078
16066
0
0
0
0
0
0
0
0
0
0
0
0
0
0
0
0
0
0
0
0
0
0
0
0
0
0
0
0
0
10000
11
10000
1858261482
10000
16395
16372
16365
16370
16366
16368
16391
16375
16379
16384
16375
16388
16368
16378
16371
16375
16374
16370
16376
16369
16370
16373
16368
16378
16366
16387
16378
16367
16385
16376
16393
0
0
0
0
0
0
0
0
0
0
0
0
0
0
0
0
0
0
0
0
0
0
0
0
0
0
0
0
0
10000
12
10000
1858994425
10000
16061
16057
16065
16053
16071
16061
16063
16063
16068
16067
16070
16074
16065
16065
16060
16066
16055
16063
16058
16051
16070
16053
16057
16072
16052
16059
16068
16050
16055
16067
16063
0
0
0
0
0
0
0
0
0
0
0
0
0
0
0
0
0
0
0
0
0
0
0
0
0
0
0
0
0
10000
11
10000
1861449584
10000
16375
16381
16389
16366
16374
16374
16369
16379
16376
16366
16380
16383
16378
16382
16377
16382
16376
16394
16362
16378
16372
16377
16377
16381
16371
16388
16372
16372
16371
16384
16382
0
0
0
0
0
0
0
0
0
0
0
0
0
0
0
0
0
0
0
0
0
0
0
0
0
0
0
0
0
10000
12
10000
1862183470
10000
16060
16047
16067
16063
16071
16044
16049
16048
16062
16064
16058
16044
16071
16066
16043
16064
16047
16045
16069
16072
16081
16071
16055
16075
16064
16050
16071
16057
16055
16049
16063
0
0
0
0
0
0
0
0
0
0
0
0
0
0
0
0
0
0
0
0
0
0
0
0
0
0
0
0
0
10000
11
10000
1864637616
10000
16387
16381
16367
16377
16363
16374
16380
16366
16373
16380
16376
16359
16380
16370
16366
16374
16373
16387
16380
16357
16368
16395
16361
16370
16371
16369
16369
16379
16363
16367
16363
0
0
0
0
0
0
0
0
0
0
0
0
0
0
0
0
0
0
0
0
0
0
0
0
0
0
0
0
0
10000
12
10000
1865370390
10000
16055
16044
16047
16042
16049
16052
16063
16062
16047
16049
16064
16051
16058
16055
16064
16069
16059
16054
16061
16054
16064
16071
16064
16057
16068
16071
16050
16074
16052
16042
16044
0
0
0
0
0
0
0
0
0
0
0
0
0
0
0
0
0
0
0
0
0
0
0
0
0
0
0
0
0
10000
11
10000
1867827411
10000
16378
16365
16371
16374
16383
16369
16377
16384
16377
16374
16385
16369
16378
16375
16371
16363
16368
16368
16373
16368
16365
16369
16378
16388
16374
16375
16387
16376
16376
16373
16378
0
0
0
0
0
0
0
0
0
0
0
0
0
0
0
0
0
0
0
0
0
0
0
0
0
0
0
0
0
10000
12
10000
1868560272
10000
16058
16047
16065
16047
16057
16052
16063
16063
16057
16070
16051
16062
16048
16060
16046
16048
16075
16041
16070
16073
16059
16051
16080
16061
16060
16071
16058
16050
16047
16056
16034
0
0
0
0
0
0
0
0
0
0
0
0
0
0
0
0
0
0
0
0
0
0
0
0
0
0
0
0
0
10000
11
10000
1871014298
10000
16380
16381
16378
16381
16370
16378
16367
16380
16386
16355
16388
16375
16367
16384
16387
16377
16392
16384
16370
16382
16388
16380
16360
16379
16369
16389
16369
16370
16377
16381
16369
0
0
0
0
0
0
0
0
0
0
0
0
0
0
0
0
0
0
0
0
0
0
0
0
0
0
0
0
0
10000
12
10000
1871748272
10000
16051
16064
16063
16057
16066
16058
16056
16052
16061
16052
16038
16052
16056
16051
16059
16055
16044
16054
16049
16051
16058
16050
16073
16063
16045
16068
16062
16055
16057
16069
16049
0
0
0
0
0
0
0
0
0
0
0
0
0
0
0
0
0
0
0
0
0
0
0
0
0
0
0
0
0
10000
12
10000
1874936304
10000
16056
16059
16065
16050
16055
16058
16054
16065
16058
16077
16052
16054
16065
16047
16052
16066
16049
16054
16080
16075
16078
16077
16058
16057
16072
16051
16056
16060
16067
16076
16075
0
0
0
0
0
0
0
0
0
0
0
0
0
0
0
0
0
0
0
0
0
0
0
0
0
0
0
0
0
10000
11
10000
1877390528
10000
16372
16368
16385
16386
16390
16363
16372
16382
16364
16380
16373
16367
16386
16369
16378
16373
16378
16376
16368
16382
16391
16364
16387
16388
16363
16398
16377
16366
16408
16404
16380
0
0
0
0
0
0
0
0
0
0
0
0
0
0
0
0
0
0
0
0
0
0
0
0
0
0
0
0
0
10000
12
10000
1878123442
10000
16073
16064
16071
16062
16066
16063
16064
16074
16078
16076
16072
16066
16068
16084
16055
16085
16075
16064
16063
16031
16059
16071
16045
16054
16074
16093
16043
16057
16058
16052
16057
0
0
0
0
0
0
0
0
0
0
0
0
0
0
0
0
0
0
0
0
0
0
0
0
0
0
0
0
0
10000
11
10000
1880579558
10000
16404
16340
16320
16416
16347
16375
16397
16353
16339
16406
16339
16371
16350
16423
16409
16336
16410
16389
16350
16410
16435
16335
16390
16387
16376
16372
16355
16383
16371
16367
16375
0
0
0
0
0
0
0
0
0
0
0
0
0
0
0
0
0
0
0
0
0
0
0
0
0
0
0
0
0
10000
12
10000
1881313425
10000
16063
16060
16053
16045
16073
16094
16045
16072
16063
16055
16049
16038
16052
16057
16043
16058
16093
16065
16072
16079
16056
16057
16063
16070
16048
16062
16037
16073
16048
16059
16054
0
0
0
0
0
0
0
0
0
0
0
0
0
0
0
0
0
0
0
0
0
0
0
0
0
0
0
0
0
10000
11
10000
1883767592
10000
16391
16362
16359
16381
16375
16382
16370
16372
16368
16375
16371
16380
16380
16372
16377
16382
16374
16368
16383
16378
16360
16391
16373
16354
16378
16354
16368
16382
16365
16375
16365
0
0
0
0
0
0
0
0
0
0
0
0
0
0
0
0
0
0
0
0
0
0
0
0
0
0
0
0
0
10000
12
10000
1884500541
10000
16082
16072
16080
16066
16071
16061
16061
16048
16058
16039
16043
16079
16066
16075
16080
16048
16060
16084
16047
16083
16063
16057
16071
16060
16068
16059
16074
16053
16056
16039
16075
0
0
0
0
0
0
0
0
0
0
0
0
0
0
0
0
0
0
0
10000
11
10000
1887951171
10000
16381
16364
16369
16378
16372
16390
16371
16379
16377
16371
16369
16359
16396
16361
16362
16372
16372
16374
16378
16367
16366
16346
16403
16401
16355
16392
16377
16376
16345
16350
16390
16314
16352
16370
16372
16392
16367
16386
16382
16353
16352
0
0
0
0
0
0
0
0
0
0
0
0
0
0
0
0
0
0
0
10000
12
10000
1888684106
10000
16064
16065
16081
16071
16065
16077
16054
16063
16080
16107
16044
16077
16067
16065
16048
16075
16056
16077
16063
16088
16033
16070
16069
16104
16088
16056
16095
16082
16049
16083
16093
16053
16086
16066
16073
16060
16055
16047
16059
16060
16081
0
0
0
0
0
0
0
0
0
0
0
0
0
0
0
0
0
0
0
10000
11
10000
1891139198
10000
16396
16345
16351
16397
16365
16357
16388
16379
16370
16379
16363
16372
16369
16374
16374
16381
16385
16364
16382
16376
16377
16363
16379
16373
16372
16383
16383
16374
16383
16387
16402
0
0
0
0
0
0
0
0
0
0
0
0
0
0
0
0
0
0
0
0
0
0
0
0
0
0
0
0
0
10000
12
10000
1891872080
10000
16052
16056
16095
16058
16085
16059
16057
16070
16066
16060
16068
16048
16057
16062
16079
16070
16070
16068
16070
16067
16068
16082
16085
16063
16082
16054
16061
16057
16046
16053
16067
0
0
0
0
0
0
0
0
0
0
0
0
0
0
0
0
0
0
0
0
0
0
0
0
0
0
0
0
0
10000
11
10000
1894326227
10000
16363
16375
16378
16372
16366
16381
16368
16379
16374
16370
16382
16378
16381
16377
16372
16371
16375
16372
16393
16369
16389
16364
16385
16390
16359
16388
16381
16366
16383
16378
16389
0
0
0
0
0
0
0
0
0
0
0
0
0
0
0
0
0
0
0
0
0
0
0
0
0
0
0
0
0
10000
12
10000
1895059127
10000
16069
16055
16071
16065
16047
16063
16075
16060
16062
16062
16060
16068
16077
16080
16085
16066
16069
16064
16072
16072
16055
16059
16080
16074
16070
16074
16075
16081
16078
16067
16067
0
0
0
0
0
0
0
0
0
0
0
0
0
0
0
0
0
0
0
0
0
0
0
0
0
0
0
0
0
10000
11
10000
1897514278
10000
16366
16371
16378
16369
16377
16396
16362
16395
16381
16358
16375
16389
16380
16373
16360
16391
16367
16369
16391
16373
16370
16381
16373
16359
16386
16358
16361
16387
16360
16372
16379
0
0
0
0
0
0
0
0
0
0
0
0
0
0
0
0
0
0
0
0
0
0
0
0
0
0
0
0
0
10000
12
10000
1898248240
10000
16101
16070
16070
16074
16063
16061
16073
16061
16057
16073
16075
16066
16071
16068
16069
16068
16072
16062
16062
16070
16062
16061
16081
16069
16065
16080
16064
16057
16073
16064
16049
0
0
0
0
0
0
0
0
0
0
0
0
0
0
0
0
0
0
0
0
0
0
0
0
0
0
0
0
0
10000
11
10000
1900703311
10000
16386
16361
16368
16384
16350
16363
16388
16368
16363
16382
16363
16366
16383
16355
16369
16372
16369
16376
16379
16362
16363
16370
16378
16360
16374
16366
16372
16367
16393
16376
16379
0
0
0
0
0
0
0
0
0
0
0
0
0
0
0
0
0
0
0
0
0
0
0
0
0
0
0
0
0
10000
12
10000
1901436135
10000
16064
16075
16068
16064
16077
16053
16069
16077
16080
16083
16091
16074
16077
16062
16079
16073
16061
16072
16056
16059
16068
16060
16064
16065
16047
16081
16073
16055
16075
16082
16072
0
0
0
0
0
0
0
0
0
0
0
0
0
0
0
0
0
0
0
0
0
0
0
0
0
0
0
0
0
10000
11
10000
1903892929
10000
16370
16376
16379
16371
16371
16381
16365
16384
16375
16362
16376
16386
16352
16396
16390
16355
16396
16389
16361
16407
16393
16358
16385
16388
16355
16391
16380
16363
16383
16382
16398
0
0
0
0
0
0
0
0
0
0
0
0
0
0
0
0
0
0
0
0
0
0
0
0
0
0
0
0
0
10000
12
10000
1904625102
10000
16052
16066
16069
16057
16058
16061
16057
16071
16068
16060
16058
16100
16074
16060
16082
16085
16081
16083
16086
16073
16085
16089
16073
16089
16083
16076
16089
16089
16085
16097
16095
0
0
0
0
0
0
0
0
0
0
0
0
0
0
0
0
0
0
0
0
0
0
0
0
0
0
0
0
0
10000
12
10000
1907814179
10000
16106
16074
16074
16056
16057
16075
16054
16057
16056
16053
16056
16063
16047
16057
16062
16063
16060
16064
16070
16052
16066
16070
16032
16055
16071
16034
16044
16071
16049
16027
16045
0
0
0
0
0
0
0
0
0
0
0
0
0
0
0
0
0
0
0
0
0
0
0
0
0
0
0
0
0
10000
11
10000
1910269255
10000
16391
16369
16378
16387
16375
16362
16378
16346
16351
16379
16357
16349
16390
16359
16360
16387
16361
16371
16383
16360
16363
16388
16354
16364
16381
16369
16362
16379
16385
16370
16384
0
0
0
0
0
0
0
0
0
0
0
0
0
0
0
0
0
0
0
0
0
0
0
0
0
0
0
0
0
10000
12
10000
1911003272
10000
16065
16040
16043
16057
16040
16034
16069
16045
16055
16050
16067
16058
16049
16068
16059
16054
16047
16028
16023
16055
16054
16058
16056
16035
16057
16071
16060
16119
16107
16041
16029
0
0
0
0
0
0
0
0
0
0
0
0
0
0
0
0
0
0
0
0
0
0
0
0
0
0
0
0
0
10000
11
10000
1913457322
10000
16355
16391
16353
16428
16312
16321
16418
16345
16361
16366
16398
16396
16371
16380
16333
16438
16304
16313
16413
16385
16428
16326
16431
16430
16332
16399
16419
16353
16398
16375
16399
0
0
0
0
0
0
0
0
0
0
0
0
0
0
0
0
0
0
0
0
0
0
0
0
0
0
0
0
0
10000
12
10000
1914190263
10000
16082
16100
16026
16055
16076
16049
16076
15997
16091
16062
16032
16064
16054
16084
16076
16031
16048
16043
16036
16019
16064
16032
16059
16052
16056
16088
16073
16067
16061
16043
16048
0
0
0
0
0
0
0
0
0
0
0
0
0
0
0
0
0
0
0
0
0
0
0
0
0
0
0
0
0
10000
11
10000
1917632586
10000
16356
16399
16395
16350
16389
16373
16360
16394
16385
16369
16389
16381
16368
16385
16374
16377
16384
16379
16366
16370
16382
16359
16392
16376
16364
16385
16384
16378
16382
16360
16378
16350
16374
16387
16367
16367
16389
16359
16372
16392
16401
0
0
0
0
0
0
0
0
0
0
0
0
0
0
0
0
0
0
0
10000
12
10000
1918366559
10000
16039
16064
16040
16072
16066
16064
16054
16080
16070
16075
16048
16070
16082
16066
16068
16059
16041
16052
16058
16059
16071
16057
16051
16061
16064
16043
16055
16027
16049
16052
16033
16035
16053
16060
16062
16061
16087
16056
16052
16071
16051
0
0
0
0
0
0
0
0
0
0
0
0
0
0
0
0
0
0
0
10000
11
10000
1920820448
10000
16362
16394
16401
16372
16399
16399
16357
16383
16390
16361
16385
16385
16365
16378
16385
16368
16387
16388
16380
16385
16384
16372
16386
16402
16358
16378
16381
16369
16378
16381
16371
0
0
0
0
0
0
0
0
0
0
0
0
0
0
0
0
0
0
0
0
0
0
0
0
0
0
0
0
0
10000
12
10000
1921553373
10000
16044
16061
16062
16056
16061
16062
16047
16075
16067
16046
16062
16073
16058
16054
16082
16054
16065
16067
16063
16065
16058
16065
16068
16069
16068
16076
16068
16076
16063
16061
16063
0
0
0
0
0
0
0
0
0
0
0
0
0
0
0
0
0
0
0
0
0
0
0
0
0
0
0
0
0
10000
11
10000
1924008337
10000
16366
16378
16382
16375
16383
16371
16371
16367
16376
16377
16366
16370
16382
16354
16366
16399
16346
16371
16384
16361
16342
16394
16352
16352
16406
16350
16363
16411
16362
16359
16355
0
0
0
0
0
0
0
0
0
0
0
0
0
0
0
0
0
0
0
0
0
0
0
0
0
0
0
0
0
10000
12
10000
1924742292
10000
16081
16066
16087
16094
16074
16098
16118
16094
16096
16092
16078
16064
16067
16062
16080
16058
16072
16064
16061
16069
16072
16066
16070
16066
16069
16072
16063
16078
16057
16076
16071
0
0
0
0
0
0
0
0
0
0
0
0
0
0
0
0
0
0
0
0
0
0
0
0
0
0
0
0
0
10000
11
10000
1927197343
10000
16380
16360
16371
16391
16361
16363
16385
16365
16368
16370
16360
16368
16383
16366
16366
16399
16365
16371
16387
16352
16377
16376
16369
16381
16356
16384
16377
16368
16388
16378
16370
0
0
0
0
0
0
0
0
0
0
0
0
0
0
0
0
0
0
0
0
0
0
0
0
0
0
0
0
0
10000
12
10000
1928926730
10000
16068
16072
16062
16065
16063
16077
16079
16067
16061
16068
16067
16065
16074
16067
16076
16088
16074
16089
16096
16075
16082
16061
16062
16074
16073
16066
16067
16066
16075
16061
16069
16073
16080
16088
16087
16075
16087
16092
16061
16077
16079
0
0
0
0
0
0
0
0
0
0
0
0
0
0
0
0
0
0
0
10000
11
10000
1933354348
10000
16372
16387
16378
16365
16391
16393
16362
16386
16389
16368
16391
16389
16352
16402
16386
16342
16402
16391
16351
16401
16399
16359
16396
16386
16364
16394
16402
16354
16403
16390
16364
16382
16385
16359
16391
16388
16359
16377
16377
16376
16377
16365
16382
16373
16368
16384
16372
16363
16376
16380
16372
16368
16368
16387
16361
16385
16379
16384
16369
16351
10000
12
10000
1935073564
10000
16073
16078
16083
16073
16067
16076
16067
16067
16078
16064
16076
16071
16073
16072
16067
16077
16076
16076
16086
16065
16076
16085
16089
16061
16077
16072
16068
16082
16061
16064
16088
16065
16080
16073
16029
16067
16075
16101
16066
16087
16053
16077
16058
16073
16064
16072
16081
16070
16067
16073
16063
16072
16069
16072
16082
16077
16054
16077
16089
16079
10000
12
10000
1944185601
10000
16069
16070
16040
16062
16073
16068
16068
16070
16062
16073
16066
16071
16074
16074
16075
16063
16067
16061
16051
16054
16063
16068
16066
16055
16048
16071
16059
16079
16071
16080
16061
16078
16087
16064
16073
16084
16068
16067
16069
16066
16081
16072
16073
16072
16059
16084
16060
16078
16057
16068
16059
16063
16064
16064
16078
16065
16100
16060
16064
16076
10000
11
10000
1950583561
10000
16342
16347
16409
16357
16356
16397
16357
16371
16384
16361
16375
16384
16361
16346
16398
16361
16363
16377
16368
16359
16386
16368
16365
16381
16371
16374
16365
16384
16375
16381
16379
16392
16364
16377
16400
16361
16389
16390
16359
16392
16407
16360
16409
16395
16344
16399
16413
16342
16397
16404
16346
16403
16403
16358
16395
16382
16360
16392
16403
16354
10000
12
10000
1953289358
10000
16071
16066
16057
16087
16073
16058
16059
16079
16062
16047
16067
16050
16048
16039
16054
16058
16035
16043
16048
16048
16045
16051
16072
16052
16062
16061
16065
16053
16078
16056
16045
16061
16036
16043
16052
16036
16053
16053
16056
16084
16085
16061
16078
16078
16072
16076
16094
16077
16079
16072
16074
16091
16075
16070
16041
16060
16062
16070
16052
16076
