0
0
10000
12
10000
3493339820
10000
16082
16060
16065
16062
16064
16066
16064
16062
16062
16059
16065
16061
16059
16066
16073
16062
16056
16063
16052
16063
16071
16077
16059
16063
16054
16042
16065
16068
16076
16074
16067
0
0
0
0
0
0
0
0
0
0
0
0
0
0
0
0
0
0
0
0
0
0
0
0
0
0
0
0
0
10000
11
10000
3495793562
10000
16387
16379
16371
16379
16395
16364
16387
16379
16383
16392
16375
16380
16384
16373
16379
16377
16375
16391
16377
16378
16377
16388
16388
16390
16374
16373
16390
16374
16361
16397
16398
0
0
0
0
0
0
0
0
0
0
0
0
0
0
0
0
0
0
0
0
0
0
0
0
0
0
0
0
0
10000
12
10000
3496525983
10000
16069
16061
16059
16058
16062
16054
16059
16064
16066
16060
16060
16055
16053
16047
16054
16052
16053
16045
16060
16061
16048
16064
16055
16066
16066
16043
16060
16048
16057
16061
16068
0
0
0
0
0
0
0
0
0
0
0
0
0
0
0
0
0
0
0
0
0
0
0
0
0
0
0
0
0
10000
11
10000
3498980719
10000
16358
16353
16392
16366
16370
16399
16359
16374
16386
16376
16374
16373
16378
16369
16389
16379
16376
16388
16385
16381
16391
16379
16384
16376
16385
16374
16373
16386
16370
16386
16381
0
0
0
0
0
0
0
0
0
0
0
0
0
0
0
0
0
0
0
0
0
0
0
0
0
0
0
0
0
10000
12
10000
3499713150
10000
16070
16065
16067
16073
16075
16065
16078
16063
16091
16067
16071
16076
16058
16073
16063
16081
16073
16068
16078
16059
16068
16074
16082
16064
16071
16064
16087
16074
16069
16067
16067
0
0
0
0
0
0
0
0
0
0
0
0
0
0
0
0
0
0
0
0
0
0
0
0
0
0
0
0
0
10000
11
10000
3504148846
10000
16371
16382
16382
16386
16368
16374
16364
16378
16382
16382
16382
16364
16386
16390
16367
16388
16400
16361
16398
16395
16362
16400
16394
16377
16386
16397
16370
16385
16386
16383
16364
16346
16397
16363
16403
16382
16395
16417
16352
16395
16401
16370
16378
16372
16385
16376
16367
16399
16359
16360
0
0
0
0
0
0
0
0
0
0
10000
12
10000
3505866765
10000
16066
16051
16070
16064
16082
16076
16065
16065
16066
16041
16057
16053
16054
16051
16043
16056
16046
16098
16049
16074
16061
16076
16028
16049
16062
16065
16057
16123
16030
16068
16059
16065
16048
16032
16084
16059
16057
16074
16040
16052
16094
16059
16068
16048
16071
16069
16058
16083
16080
16083
16070
16081
16088
16091
16071
16089
16083
16073
16068
16085
10000
11
10000
3510295299
10000
16360
16395
16373
16365
16384
16377
16375
16395
16370
16371
16392
16377
16377
16391
16372
16388
16382
16372
16372
16377
16373
16384
16386
16379
16376
16379
16381
16384
16372
16381
16396
16384
16375
16378
16376
16367
16390
16377
16389
16376
16381
16376
16380
16368
16377
16388
16378
16386
16380
16373
16367
16389
16382
16380
16366
16394
16386
16366
16382
16384
10000
12
10000
3512015335
10000
16067
16066
16088
16081
16086
16076
16079
16080
16077
16084
16081
16081
16103
16085
16073
16082
16066
16076
16065
16075
16090
16094
16075
16082
16075
16056
16071
16073
16069
16066
16070
16067
16064
16060
16078
16060
16060
16051
16039
16080
16045
16063
16067
16074
16058
16064
16060
16075
16079
16059
16054
16057
16075
16062
16064
16065
16064
16049
16073
16067
10000
11
10000
3516442500
10000
16377
16389
16367
16384
16403
16360
16389
16382
16369
16383
16372
16378
16390
16389
16374
16400
16385
16375
16380
16383
16377
16380
16386
16369
16386
16373
16384
16378
16366
16399
16374
16384
16375
16377
16380
16366
16380
16372
16386
16374
16375
16375
16381
16365
16389
16379
16381
16377
16377
16364
16369
16391
16374
16385
16375
16380
16393
16377
16379
16374
10000
12
10000
3518163677
10000
16065
16068
16076
16080
16060
16049
16054
16062
16073
16078
16062
16076
16049
16043
16092
16069
16076
16060
16093
16067
16089
16084
16065
16086
16074
16073
16080
16079
16089
16072
16074
16087
16066
16066
16075
16065
16062
16084
16079
16069
16072
16062
16061
16069
16047
16063
16066
16060
16078
16072
16053
16053
16075
16049
16056
16058
16048
16059
16076
16061
10000
11
10000
3522590856
10000
16384
16382
16368
16377
16383
16376
16383
16385
16380
16388
16378
16386
16384
16389
16377
16383
16381
16376
16377
16379
16389
16391
16379
16379
16370
16375
16386
16368
16378
16380
16366
16374
16390
16382
16371
16392
16381
16366
16390
16372
16371
16379
16366
16368
16394
16373
16381
16384
16384
16377
16378
16381
16375
16377
16380
16385
16374
16393
16384
16371
10000
12
10000
3524310432
10000
16058
16051
16050
16054
16050
16039
16049
16053
16048
16054
16055
16061
16043
16053
16052
16051
16034
16056
16050
16032
16050
16062
16040
16059
16051
16046
16063
16033
16044
16056
16059
16052
16056
16051
16042
16051
16066
16062
16047
16052
16057
16040
16066
16072
16059
16063
16052
16048
16052
16072
16067
16071
16061
16059
16069
16077
16052
16066
16055
16067
10000
11
10000
3528735608
10000
16387
16384
16381
16382
16378
16383
16379
16380
16383
16377
16377
16376
16384
16376
16378
16387
16374
16387
16375
16384
16375
16371
16377
16380
16364
16381
16390
16376
16369
16388
16375
16361
16387
16382
16383
16392
16379
16375
16389
16369
16367
16386
16372
16378
16388
16376
16381
16391
16385
16385
16391
16384
16387
16382
16379
16376
16377
16380
16382
16380
10000
12
10000
3530453698
10000
16066
16072
16057
16054
16061
16062
16072
16061
16076
16069
16060
16070
16068
16060
16079
16071
16062
16066
16075
16065
16082
16089
16056
16078
16069
16069
16083
16069
16073
16076
16051
16057
16064
16063
16073
16067
16074
16067
16080
16065
16068
16059
16067
16053
16061
16065
16064
16061
16077
16081
16077
16090
16087
16081
16080
16067
16055
16075
16072
16066
10000
11
10000
3534880571
10000
16379
16377
16379
16371
16374
16385
16367
16377
16379
16373
16375
16388
16374
16370
16393
16375
16386
16381
16373
16379
16382
16374
16384
16389
16371
16363
16390
16379
16378
16382
16372
16383
16376
16383
16375
16372
16385
16378
16384
16376
16383
16388
16380
16385
16374
16363
16385
16385
16384
16385
16379
16381
16376
16380
16377
16386
16364
16372
16388
16379
10000
12
10000
3536598747
10000
16072
16079
16064
16085
16076
16094
16083
16075
16091
16078
16068
16067
16074
16067
16073
16073
16071
16084
16070
16072
16077
16063
16055
16081
16068
16067
16079
16077
16073
16087
16073
16072
16075
16072
16074
16065
16080
16075
16057
16055
16048
16061
16089
16062
16055
16087
16074
16072
16085
16089
16070
16077
16085
16062
16074
16088
16064
16086
16090
16076
10000
11
10000
3544149968
10000
16379
16384
16385
16377
16381
16384
16382
16367
16371
16384
16361
16392
16397
16377
16387
16382
16373
16391
16379
16382
16393
16399
16373
16388
16391
16371
16391
16386
16370
16391
16403
16380
16384
16389
16369
16384
16395
16376
16380
16393
16363
16386
16391
16371
16390
16377
16379
16389
16376
16390
16387
16370
16377
16395
16375
16389
16384
16372
16391
16389
10000
12
10000
3545868196
10000
16063
16073
16063
16050
16051
16068
16069
16063
16077
16067
16063
16079
16057
16059
16074
16053
16081
16076
16052
16070
16072
16056
16073
16093
16078
16079
16077
16071
16060
16070
16070
16067
16071
16080
16068
16065
16092
16064
16086
16088
16080
16076
16100
16064
16074
16087
16054
16089
16069
16074
16077
16089
16088
16085
16090
16080
16076
16083
16074
16074
10000
11
10000
3548323149
10000
16374
16374
16374
16377
16371
16402
16361
16380
16386
16377
16376
16393
16370
16368
16387
16373
16374
16392
16371
16387
16383
16377
16376
16380
16368
16366
16392
16364
16366
16391
16357
16371
16388
16382
16372
16387
16386
16377
16374
16386
16382
0
0
0
0
0
0
0
0
0
0
0
0
0
0
0
0
0
0
0
10000
12
10000
3549056660
10000
16075
16073
16092
16081
16087
16085
16075
16100
16089
16080
16098
16086
16070
16089
16073
16070
16087
16106
16074
16097
16080
16063
16094
16084
16070
16077
16070
16064
16079
16074
16071
16081
0
0
0
0
0
0
0
0
0
0
0
0
0
0
0
0
0
0
0
0
0
0
0
0
0
0
0
0
10000
11
10000
3551510527
10000
16380
16382
16379
16381
16386
16380
16387
16371
16382
16372
16376
16384
16378
16365
16399
16355
16366
16387
16369
16368
16393
16378
16376
16378
16383
16373
16385
16382
16376
16387
16375
16376
0
0
0
0
0
0
0
0
0
0
0
0
0
0
0
0
0
0
0
0
0
0
0
0
0
0
0
0
10000
12
10000
3552243055
10000
16080
16088
16073
16077
16076
16042
16080
16072
16092
16074
16094
16067
16104
16078
16085
16080
16096
16066
16090
16080
16066
16079
16063
16064
16081
16090
16067
16088
16093
16089
16069
0
0
0
0
0
0
0
0
0
0
0
0
0
0
0
0
0
0
0
0
0
0
0
0
0
0
0
0
0
10000
11
10000
3554700930
10000
16382
16388
16373
16386
16381
16379
16383
16382
16375
16372
16381
16368
16392
16389
16380
16384
16376
16380
16376
16375
16380
16392
16385
16381
16387
16375
16375
16382
16385
16396
16391
0
0
0
0
0
0
0
0
0
0
0
0
0
0
0
0
0
0
0
0
0
0
0
0
0
0
0
0
0
10000
12
10000
3555434509
10000
16080
16086
16076
16062
16079
16077
16073
16089
16067
16074
16099
16074
16079
16097
16080
16069
16075
16066
16055
16091
16059
16074
16081
16082
16080
16076
16088
16070
16089
16080
16084
0
0
0
0
0
0
0
0
0
0
0
0
0
0
0
0
0
0
0
0
0
0
0
0
0
0
0
0
0
10000
11
10000
3557888357
10000
16369
16361
16395
16371
16361
16392
16362
16378
16400
16366
16368
16392
16363
16364
16389
16376
16372
16389
16371
16364
16393
16368
16363
16395
16359
16367
16391
16382
16370
16385
16381
0
0
0
0
0
0
0
0
0
0
0
0
0
0
0
0
0
0
0
0
0
0
0
0
0
0
0
0
0
10000
12
10000
3558621799
10000
16077
16060
16079
16084
16068
16084
16064
16073
16088
16073
16070
16090
16074
16068
16086
16068
16097
16101
16078
16099
16091
16090
16085
16087
16078
16088
16086
16084
16081
16095
16081
0
0
0
0
0
0
0
0
0
0
0
0
0
0
0
0
0
0
0
0
0
0
0
0
0
0
0
0
0
10000
11
10000
3561076609
10000
16367
16373
16384
16379
16384
16381
16374
16371
16373
16381
16378
16369
16381
16394
16374
16387
16387
16374
16397
16389
16361
16395
16389
16374
16389
16397
16365
16382
16397
16373
16382
0
0
0
0
0
0
0
0
0
0
0
0
0
0
0
0
0
0
0
0
0
0
0
0
0
0
0
0
0
10000
12
10000
3561811065
10000
16096
16082
16074
16099
16082
16093
16086
16078
16088
16089
16071
16092
16094
16070
16086
16090
16077
16080
16092
16084
16092
16078
16072
16079
16076
16084
16088
16072
16098
16080
16103
0
0
0
0
0
0
0
0
0
0
0
0
0
0
0
0
0
0
0
0
0
0
0
0
0
0
0
0
0
10000
11
10000
3564264910
10000
16379
16390
16375
16390
16398
16363
16399
16391
16375
16399
16399
16364
16399
16387
16374
16388
16395
16354
16399
16381
16372
16383
16377
16378
16383
16384
16385
16386
16380
16393
16387
0
0
0
0
0
0
0
0
0
0
0
0
0
0
0
0
0
0
0
0
0
0
0
0
0
0
0
0
0
10000
12
10000
3564997491
10000
16086
16072
16082
16089
16105
16072
16086
16102
16083
16113
16085
16069
16086
16080
16071
16093
16069
16091
16080
16085
16069
16079
16077
16087
16084
16089
16087
16079
16092
16074
16074
0
0
0
0
0
0
0
0
0
0
0
0
0
0
0
0
0
0
0
0
0
0
0
0
0
0
0
0
0
10000
11
10000
3567455161
10000
16378
16375
16382
16378
16382
16389
16371
16380
16386
16375
16371
16396
16365
16368
16399
16374
16359
16396
16368
16366
16383
16361
16372
16392
16347
16363
16395
16359
16372
16401
16391
0
0
0
0
0
0
0
0
0
0
0
0
0
0
0
0
0
0
0
0
0
0
0
0
0
0
0
0
0
10000
12
10000
3568188706
10000
16061
16080
16059
16079
16079
16065
16080
16093
16076
16062
16098
16074
16064
16079
16060
16058
16077
16064
16089
16063
16064
16056
16055
16044
16051
16049
16059
16053
16062
16070
16087
0
0
0
0
0
0
0
0
0
0
0
0
0
0
0
0
0
0
0
0
0
0
0
0
0
0
0
0
0
10000
11
10000
3570643601
10000
16362
16364
16392
16361
16368
16389
16373
16376
16385
16374
16377
16380
16371
16370
16377
16382
16383
16371
16397
16379
16381
16378
16390
16381
16383
16394
16373
16393
16390
16377
16370
0
0
0
0
0
0
0
0
0
0
0
0
0
0
0
0
0
0
0
0
0
0
0
0
0
0
0
0
0
10000
12
10000
3571376163
10000
16071
16074
16086
16066
16055
16091
16067
16075
16074
16054
16059
16079
16056
16068
16077
16079
16087
16079
16058
16069
16072
16072
16060
16049
16058
16045
16055
16048
16028
16050
16070
0
0
0
0
0
0
0
0
0
0
0
0
0
0
0
0
0
0
0
0
0
0
0
0
0
0
0
0
0
10000
11
10000
3573833592
10000
16389
16388
16374
16387
16391
16362
16390
16391
16348
16405
16404
16359
16401
16392
16370
16383
16394
16365
16391
16393
16365
16395
16390
16378
16387
16378
16371
16392
16386
16376
16371
0
0
0
0
0
0
0
0
0
0
0
0
0
0
0
0
0
0
0
0
0
0
0
0
0
0
0
0
0
10000
12
10000
3574567152
10000
16077
16076
16061
16065
16051
16077
16084
16054
16078
16079
16071
16075
16056
16073
16079
16073
16069
16087
16075
16072
16062
16058
16072
16070
16077
16070
16049
16074
16076
16076
16077
0
0
0
0
0
0
0
0
0
0
0
0
0
0
0
0
0
0
0
0
0
0
0
0
0
0
0
0
0
10000
11
10000
3577021177
10000
16401
16386
16369
16389
16372
16390
16374
16378
16392
16377
16371
16395
16369
16371
16388
16376
16369
16395
16371
16366
16391
16366
16369
16390
16371
16364
16397
16365
16358
16397
16379
0
0
0
0
0
0
0
0
0
0
0
0
0
0
0
0
0
0
0
0
0
0
0
0
0
0
0
0
0
10000
12
10000
3577754739
10000
16078
16084
16051
16073
16053
16068
16063
16045
16057
16065
16043
16075
16061
16046
16061
16060
16052
16052
16051
16052
16059
16053
16055
16035
16053
16064
16075
16068
16069
16077
16051
0
0
0
0
0
0
0
0
0
0
0
0
0
0
0
0
0
0
0
0
0
0
0
0
0
0
0
0
0
10000
11
10000
3580211009
10000
16354
16353
16391
16366
16354
16408
16366
16361
16399
16369
16366
16388
16368
16359
16393
16366
16373
16392
16376
16369
16385
16369
16364
16387
16373
16377
16385
16368
16376
16378
16378
0
0
0
0
0
0
0
0
0
0
0
0
0
0
0
0
0
0
0
0
0
0
0
0
0
0
0
0
0
10000
12
10000
3580944675
10000
16040
16068
16048
16058
16070
16069
16074
16096
16076
16084
16073
16064
16079
16078
16067
16062
16063
16059
16063
16056
16078
16062
16061
16075
16059
16061
16066
16054
16072
16075
16076
0
0
0
0
0
0
0
0
0
0
0
0
0
0
0
0
0
0
0
0
0
0
0
0
0
0
0
0
0
10000
11
10000
3583399104
10000
16386
16387
16365
16387
16386
16366
16392
16398
16369
16400
16386
16373
16387
16390
16376
16394
16401
16373
16395
16402
16363
16394
16395
16363
16408
16397
16374
16396
16397
16358
16361
0
0
0
0
0
0
0
0
0
0
0
0
0
0
0
0
0
0
0
0
0
0
0
0
0
0
0
0
0
10000
12
10000
3584133567
10000
16072
16075
16088
16068
16079
16077
16072
16067
16073
16066
16064
16073
16071
16068
16063
16066
16065
16077
16055
16058
16064
16075
16066
16066
16080
16061
16072
16077
16059
16074
16074
0
0
0
0
0
0
0
0
0
0
0
0
0
0
0
0
0
0
0
0
0
0
0
0
0
0
0
0
0
10000
11
10000
3588560196
10000
16399
16400
16370
16389
16387
16362
16391
16398
16375
16378
16378
16384
16389
16367
16383
16384
16374
16395
16373
16373
16383
16376
16376
16382
16367
16374
16391
16368
16365
16392
16363
16363
16398
16350
16366
16401
16362
16364
16386
16361
16358
16388
16390
16366
16395
16382
16362
16394
16391
16369
0
0
0
0
0
0
0
0
0
0
10000
12
10000
3590279301
10000
16076
16064
16079
16065
16065
16068
16065
16062
16084
16078
16080
16080
16062
16066
16075
16088
16070
16064
16071
16073
16062
16075
16064
16070
16073
16058
16067
16086
16064
16073
16079
16055
16049
16065
16063
16057
16072
16071
16074
16085
16079
16098
16072
16079
16069
16076
16064
16073
16060
16066
16066
16065
16076
16075
16064
16072
16056
16041
16073
16089
10000
11
10000
3594704207
10000
16392
16391
16358
16388
16398
16358
16382
16395
16361
16399
16381
16367
16381
16364
16394
16377
16378
16388
16373
16379
16378
16379
16390
16390
16371
16367
16391
16363
16386
16366
16400
16391
16376
16397
16367
16404
16363
16364
16400
16377
16362
16396
16369
16357
16428
16357
16371
16375
16360
16355
16350
16409
16396
16366
16389
16397
16361
16399
16401
16368
10000
12
10000
3596423214
10000
16073
16067
16073
16057
16069
16063
16058
16052
16069
16062
16067
16108
16057
16054
16064
16086
16070
16074
16064
16064
16072
16104
16066
16067
16070
16065
16080
16096
16101
16079
16075
16085
16091
16087
16076
16081
16074
16074
16078
16070
16066
16072
16066
16067
16074
16071
16075
16068
16064
16078
16072
16060
16067
16045
16065
16062
16049
16067
16066
16053
10000
11
10000
3601844263
10000
16375
16387
16370
16374
16390
16374
16369
16385
16362
16355
16396
16373
16367
16395
16363
16370
16388
16366
16374
16389
16368
16355
16406
16363
16363
16401
16357
16373
16405
16364
16364
16392
16351
16359
16389
16374
16375
16384
16373
16363
16399
16368
16369
16383
16372
16382
16376
16374
16375
16369
16372
16390
16380
16369
16384
16391
16370
16390
16395
16359
10000
12
10000
3603564426
10000
16058
16058
16067
16072
16069
16088
16079
16089
16089
16073
16085
16076
16085
16080
16058
16064
16087
16073
16104
16075
16085
16105
16090
16065
16083
16059
16060
16059
16058
16076
16081
16081
16098
16083
16078
16080
16077
16090
16073
16082
16090
16079
16101
16093
16086
16093
16102
16080
16085
16085
16098
16096
16081
16103
16096
16077
16090
16083
16071
16082
10000
11
10000
3608975738
10000
16402
16365
16413
16390
16366
16393
16387
16374
16404
16399
16356
16387
16398
16358
16402
16388
16365
16398
16392
16365
16396
16384
16373
16393
16389
16363
16397
16386
16363
16391
16391
16372
16395
16380
16384
16379
16366
16398
16367
16364
16365
16401
16368
16370
16404
16358
16373
16404
16363
16353
16393
16367
16358
16395
16362
16358
16410
16361
16377
16393
