10000
12
10000
56892502
10000
16584
20530
18145
14768
11180
16178
23100
13176
17385
15835
15937
16258
30120
20505
13267
10008
18122
29821
19754
16747
15988
16320
19060
27712
14435
7562
11267
19832
15137
16768
16101
0
0
0
0
0
0
0
0
0
0
0
0
0
0
0
0
0
0
0
0
0
0
0
0
0
0
0
0
0
10000
11
10000
59349263
10000
16341
16352
16355
16333
16347
16371
16346
16367
16371
16347
16368
16362
16337
16365
16355
16346
16396
16363
16322
16388
16385
16318
16401
16372
16326
16365
16405
16310
16399
16384
16380
0
0
0
0
0
0
0
0
0
0
0
0
0
0
0
0
0
0
0
0
0
0
0
0
0
0
0
0
0
10000
12
10000
60082981
10000
16164
21629
23045
16589
9796
12946
18241
10649
17070
16149
16018
16365
17979
23755
12038
8048
8876
27599
13524
17571
15565
15402
16530
29043
20676
16564
11413
18580
29834
16997
16215
0
0
0
0
0
0
0
0
0
0
0
0
0
0
0
0
0
0
0
0
0
0
0
0
0
0
0
0
0
10000
11
10000
62537721
10000
16341
16343
16353
16347
16365
16340
16366
16368
16349
16367
16362
16367
16331
16357
16353
16336
16332
16386
16337
16350
16374
16338
16349
16340
16369
16322
16326
16389
16336
16344
16394
0
0
0
0
0
0
0
0
0
0
0
0
0
0
0
0
0
0
0
0
0
0
0
0
0
0
0
0
0
10000
12
10000
63270269
10000
16107
16168
30703
19784
15757
8437
17419
36392
17832
16373
15439
15573
15836
25030
20862
14353
8453
13709
31244
15827
16361
16103
16500
16425
17823
21106
13225
10575
16199
28116
16666
0
0
0
0
0
0
0
0
0
0
0
0
0
0
0
0
0
0
0
0
0
0
0
0
0
0
0
0
0
10000
11
10000
65727925
10000
16321
16438
16276
16429
16418
16242
16425
16347
16374
16348
16273
16381
16357
16377
16336
16329
16347
16412
16252
16302
16396
16409
16475
16247
16452
16413
16299
16381
16532
16336
16336
0
0
0
0
0
0
0
0
0
0
0
0
0
0
0
0
0
0
0
0
0
0
0
0
0
0
0
0
0
10000
12
10000
66460237
10000
17099
16325
16087
20823
18600
14518
9699
17392
36745
16959
16842
16162
16334
15966
30411
19286
14283
10188
15960
33237
17893
15895
15825
16529
19516
27293
14810
9486
12451
24157
18523
0
0
0
0
0
0
0
0
0
0
0
0
0
0
0
0
0
0
0
0
0
0
0
0
0
0
0
0
0
10000
11
10000
68915076
10000
16362
16363
16361
16342
16341
16368
16375
16367
16356
16349
16348
16376
16347
16351
16370
16364
16358
16319
16386
16381
16340
16377
16371
16342
16360
16354
16349
16374
16368
16339
16351
0
0
0
0
0
0
0
0
0
0
0
0
0
0
0
0
0
0
0
0
0
0
0
0
0
0
0
0
0
10000
12
10000
69649139
10000
17213
15580
15517
15616
28930
24059
9795
10616
14573
24501
11984
19791
16284
16520
16603
23588
16257
12240
14116
18576
31948
17666
16811
15271
16644
22769
23996
13789
8917
14057
30820
0
0
0
0
0
0
0
0
0
0
0
0
0
0
0
0
0
0
0
0
0
0
0
0
0
0
0
0
0
10000
11
10000
72103315
10000
16352
16341
16339
16350
16356
16363
16354
16354
16344
16348
16356
16370
16354
16349
16362
16344
16363
16353
16369
16368
16352
16361
16368
16339
16357
16365
16346
16364
16359
16351
16364
0
0
0
0
0
0
0
0
0
0
0
0
0
0
0
0
0
0
0
0
0
0
0
0
0
0
0
0
0
10000
12
10000
72836665
10000
17156
16361
15757
16262
34612
22216
14322
9827
14673
18722
17077
16956
16276
15248
17006
30945
19570
10762
10216
14172
32055
16949
15380
15951
16037
16376
23490
20080
11477
10472
29592
0
0
0
0
0
0
0
0
0
0
0
0
0
0
0
0
0
0
0
0
0
0
0
0
0
0
0
0
0
10000
11
10000
75292576
10000
16365
16362
16345
16358
16367
16351
16369
16353
16352
16356
16351
16362
16359
16365
16354
16367
16369
16359
16363
16358
16359
16355
16359
16369
16354
16368
16361
16367
16377
16345
16353
0
0
0
0
0
0
0
0
0
0
0
0
0
0
0
0
0
0
0
0
0
0
0
0
0
0
0
0
0
10000
12
10000
76025889
10000
14012
16352
16282
15677
16446
27973
13694
10188
9406
28623
35098
16418
16369
16116
16621
35785
22072
13648
10271
16305
25593
34477
15458
16179
16278
21913
23552
14256
9665
14085
32641
0
0
0
0
0
0
0
0
0
0
0
0
0
0
0
0
0
0
0
0
0
0
0
0
0
0
0
0
0
10000
11
10000
78479791
10000
16370
16347
16365
16345
16359
16369
16343
16324
16346
16370
16338
16385
16341
16326
16381
16329
16347
16379
16344
16341
16376
16341
16342
16366
16363
16351
16342
16357
16348
16370
16366
0
0
0
0
0
0
0
0
0
0
0
0
0
0
0
0
0
0
0
0
0
0
0
0
0
0
0
0
0
10000
11
10000
81666299
10000
16349
16333
16341
16351
16331
16370
16353
16356
16355
16383
16406
16335
16361
16360
16351
16351
16345
16366
16356
16339
16356
16352
16361
16358
16353
16353
16366
16348
16350
16366
16358
0
0
0
0
0
0
0
0
0
0
0
0
0
0
0
0
0
0
0
0
0
0
0
0
0
0
0
0
0
10000
11
10000
84854938
10000
16360
16350
16363
16362
16366
16343
16381
16369
16340
16372
16358
16351
16353
16368
16347
16373
16360
16352
16359
16362
16348
16368
16344
16359
16359
16362
16346
16349
16352
16358
16343
0
0
0
0
0
0
0
0
0
0
0
0
0
0
0
0
0
0
0
0
0
0
0
0
0
0
0
0
0
10000
12
10000
85586137
10000
12486
12057
22773
36903
15832
16103
16153
16045
20472
24450
20535
8133
10759
17665
10214
17359
17771
15915
16197
17999
21145
13975
10494
10494
30286
38104
19571
15916
15675
17173
20049
0
0
0
0
0
0
0
0
0
0
0
0
0
0
0
0
0
0
0
0
0
0
0
0
0
0
0
0
0
10000
11
10000
88042465
10000
16364
16359
16347
16369
16362
16354
16361
16363
16356
16342
16362
16338
16357
16356
16350
16361
16355
16352
16349
16351
16359
16353
16363
16338
16349
16354
16358
16341
16358
16356
16351
0
0
0
0
0
0
0
0
0
0
0
0
0
0
0
0
0
0
0
0
0
0
0
0
0
0
0
0
0
10000
12
10000
88775478
10000
19077
14320
7538
20355
25751
14259
16017
16146
15630
19447
24361
19337
14313
11323
18585
30161
17473
17223
16069
16088
22417
23892
13153
8770
12016
32393
17198
18385
16341
16417
17392
0
0
0
0
0
0
0
0
0
0
0
0
0
0
0
0
0
0
0
0
0
0
0
0
0
0
0
0
0
10000
11
10000
91232086
10000
16353
16342
16393
16315
16320
16376
16336
16332
16349
16382
16387
16345
16409
16395
16339
16371
16351
16366
16338
16332
16372
16331
16333
16370
16340
16329
16377
16328
16351
16355
16356
0
0
0
0
0
0
0
0
0
0
0
0
0
0
0
0
0
0
0
10000
12
10000
92960382
10000
26826
16455
11348
11398
15847
30710
20220
16870
15787
15795
15595
35042
24071
19769
10483
16711
19566
13462
15618
17347
16074
16100
20053
25294
15196
9967
9551
26071
40046
15677
15594
16125
16870
23755
22742
19719
8758
11569
17327
35288
18728
0
0
0
0
0
0
0
0
0
0
0
0
0
0
0
0
0
0
0
10000
11
10000
95415142
10000
16355
16344
16375
16361
16366
16353
16355
16357
16350
16347
16355
16352
16352
16363
16351
16363
16360
16356
16364
16373
16356
16363
16363
16356
16363
16353
16351
16355
16360
16350
16368
16360
16357
16357
16363
16346
16374
16375
16348
16372
16376
0
0
0
0
0
0
0
0
0
0
0
0
0
0
0
0
0
0
0
10000
12
10000
96148164
10000
16271
15981
15723
21001
24752
19408
11657
12264
16447
24057
18047
16312
16388
15952
17503
30772
14010
11350
10244
32853
33219
18816
16187
15996
15991
16028
21104
15159
14566
13070
22281
0
0
0
0
0
0
0
0
0
0
0
0
0
0
0
0
0
0
0
0
0
0
0
0
0
0
0
0
0
10000
11
10000
98605015
10000
16349
16352
16357
16344
16349
16359
16353
16354
16370
16348
16339
16380
16355
16349
16362
16346
16349
16360
16354
16366
16348
16357
16353
16363
16352
16344
16355
16363
16360
16346
16331
0
0
0
0
0
0
0
0
0
0
0
0
0
0
0
0
0
0
0
0
0
0
0
0
0
0
0
0
0
10000
12
10000
99338610
10000
6828
16999
16362
15962
16718
23939
17664
13979
11294
15315
31417
18518
18456
16139
16309
21955
25131
19726
7524
10081
16715
36983
18073
16143
16534
16157
15684
16089
14364
11868
14492
0
0
0
0
0
0
0
0
0
0
0
0
0
0
0
0
0
0
0
0
0
0
0
0
0
0
0
0
0
10000
11
10000
101792540
10000
16343
16365
16343
16380
16367
16352
16356
16355
16351
16359
16359
16336
16371
16372
16346
16358
16358
16346
16368
16348
16350
16351
16360
16344
16362
16360
16348
16356
16356
16352
16347
0
0
0
0
0
0
0
0
0
0
0
0
0
0
0
0
0
0
0
0
0
0
0
0
0
0
0
0
0
10000
12
10000
102525313
10000
34131
19437
17236
16437
16871
17057
16843
16936
14759
16849
17059
18401
16949
16682
17102
17280
16567
17692
15235
16386
16518
16449
16629
16206
16854
16659
16545
16014
16205
16606
19825
0
0
0
0
0
0
0
0
0
0
0
0
0
0
0
0
0
0
0
0
0
0
0
0
0
0
0
0
0
10000
11
10000
104980209
10000
16358
16351
16349
16344
16360
16353
16361
16353
16347
16360
16357
16349
16356
16367
16342
16348
16341
16370
16352
16351
16358
16348
16348
16355
16344
16338
16405
16316
16319
16369
16358
0
0
0
0
0
0
0
0
0
0
0
0
0
0
0
0
0
0
0
0
0
0
0
0
0
0
0
0
0
10000
12
10000
105712999
10000
16293
15555
18962
15107
14640
20979
16686
17107
16059
16150
16013
17300
28286
23210
11194
19140
19779
9867
27913
15195
19107
15772
15996
16617
24136
18993
11642
15768
18221
18258
18074
0
0
0
0
0
0
0
0
0
0
0
0
0
0
0
0
0
0
0
0
0
0
0
0
0
0
0
0
0
10000
11
10000
108167164
10000
16370
16354
16347
16363
16343
16376
16366
16347
16357
16363
16353
16363
16346
16351
16362
16345
16347
16365
16351
16359
16363
16337
16361
16354
16349
16358
16362
16344
16352
16363
16350
0
0
0
0
0
0
0
0
0
0
0
0
0
0
0
0
0
0
0
0
0
0
0
0
0
0
0
0
0
10000
12
10000
108901854
10000
19078
18184
18550
16242
12969
12961
14936
16627
16381
15016
18022
14791
13617
15717
15935
16997
18119
17417
17747
18476
16321
16181
16454
16201
16535
16308
16322
16322
16789
16478
16448
0
0
0
0
0
0
0
0
0
0
0
0
0
0
0
0
0
0
0
0
0
0
0
0
0
0
0
0
0
10000
11
10000
111355748
10000
16356
16360
16354
16357
16353
16335
16350
16370
16341
16372
16363
16351
16363
16367
16348
16358
16363
16345
16350
16357
16355
16365
16359
16339
16376
16361
16345
16353
16358
16355
16356
0
0
0
0
0
0
0
0
0
0
0
0
0
0
0
0
0
0
0
0
0
0
0
0
0
0
0
0
0
10000
12
10000
112088370
10000
16344
16408
16370
16447
16387
16474
16444
16513
16450
16558
16376
16331
16314
16472
16401
16423
16420
16400
16378
16432
16427
16443
16427
16436
16429
16368
16475
16333
16432
16559
16389
0
0
0
0
0
0
0
0
0
0
0
0
0
0
0
0
0
0
0
0
0
0
0
0
0
0
0
0
0
10000
11
10000
115528670
10000
16358
16348
16357
16337
16372
16356
16345
16373
16341
16348
16360
16349
16343
16356
16347
16343
16362
16348
16364
16351
16350
16363
16360
16359
16349
16366
16359
16348
16358
16361
16350
16345
16357
16355
16366
16370
16355
16346
16356
16340
16347
0
0
0
0
0
0
0
0
0
0
0
0
0
0
0
0
0
0
0
10000
12
10000
116261103
10000
16209
16462
16446
16468
16443
16403
16319
16444
16385
16445
16497
16483
16461
16486
16428
16386
16434
16517
16395
16464
16406
16493
16501
16500
16455
16364
16440
16447
16490
16402
16451
16420
16391
16422
16452
16436
16438
16452
16418
16475
16428
0
0
0
0
0
0
0
0
0
0
0
0
0
0
0
0
0
0
0
10000
11
10000
118716121
10000
16339
16369
16356
16352
16355
16345
16359
16360
16353
16357
16362
16359
16373
16371
16350
16362
16366
16347
16367
16382
16342
16373
16361
16350
16361
16347
16352
16351
16363
16356
16349
0
0
0
0
0
0
0
0
0
0
0
0
0
0
0
0
0
0
0
0
0
0
0
0
0
0
0
0
0
10000
12
10000
119450598
10000
16534
16425
16461
16423
16428
16440
16494
16455
16397
16426
16413
16501
16455
16397
16402
16418
16429
16445
16440
16458
16443
16462
16432
16506
16235
16462
16407
16450
16431
16432
16457
0
0
0
0
0
0
0
0
0
0
0
0
0
0
0
0
0
0
0
0
0
0
0
0
0
0
0
0
0
10000
11
10000
121905670
10000
16354
16354
16350
16364
16357
16360
16356
16361
16363
16348
16347
16361
16351
16345
16361
16341
16341
16354
16355
16352
16358
16360
16356
16361
16342
16342
16360
16336
16358
16372
16368
0
0
0
0
0
0
0
0
0
0
0
0
0
0
0
0
0
0
0
0
0
0
0
0
0
0
0
0
0
10000
12
10000
122638183
10000
16490
16432
16391
16490
16407
16455
16409
16446
16474
16429
16540
16433
16413
16244
16508
16235
16224
16467
16785
18375
16723
15948
16613
16385
17031
17561
16981
16283
16126
16547
16407
0
0
0
0
0
0
0
0
0
0
0
0
0
0
0
0
0
0
0
0
0
0
0
0
0
0
0
0
0
10000
11
10000
125094183
10000
16377
16348
16358
16357
16356
16360
16369
16344
16360
16373
16345
16381
16371
16340
16369
16361
16338
16355
16365
16372
16344
16329
16380
16341
16360
16380
16347
16385
16365
16352
16358
0
0
0
0
0
0
0
0
0
0
0
0
0
0
0
0
0
0
0
10000
12
10000
125827647
10000
16384
16444
16516
16347
16225
16399
16384
16458
16399
16366
16442
16327
16419
16415
16284
16431
16276
16279
16181
16307
16622
16759
16322
16478
16486
16352
16339
16384
16265
16349
16263
0
0
0
0
0
0
0
0
0
0
0
0
0
0
0
0
0
0
0
0
0
0
0
0
0
0
0
0
0
10000
11
10000
128282647
10000
16344
16380
16345
16342
16355
16347
16353
16349
16363
16363
16357
16352
16357
16336
16355
16351
16366
16348
16336
16364
16355
16344
16367
16334
16330
16366
16342
16340
16372
16349
16353
0
0
0
0
0
0
0
0
0
0
0
0
0
0
0
0
0
0
0
0
0
0
0
0
0
0
0
0
0
10000
12
10000
129014916
10000
16291
16514
16701
16328
16454
16476
16468
16361
16434
16434
16449
16317
16359
16426
16506
16728
16650
16609
16153
16452
16591
16473
16392
16498
16461
16424
16473
16274
16389
16533
16218
0
0
0
0
0
0
0
0
0
0
0
0
0
0
0
0
0
0
0
0
0
0
0
0
0
0
0
0
0
10000
11
10000
131469985
10000
16338
16359
16344
16356
16351
16356
16346
16359
16357
16357
16336
16362
16349
16356
16348
16347
16352
16351
16359
16343
16353
16355
16349
16361
16353
16365
16354
16370
16353
16355
16361
0
0
0
0
0
0
0
0
0
0
0
0
0
0
0
0
0
0
0
0
0
0
0
0
0
0
0
0
0
10000
12
10000
132203333
10000
16470
16407
16437
16318
16465
16407
16536
16494
16298
16430
16383
16411
16401
16445
16405
16378
16492
16450
16383
16372
16449
16368
16632
16482
16234
16136
16229
16552
16882
16355
16443
0
0
0
0
0
0
0
0
0
0
0
0
0
0
0
0
0
0
0
0
0
0
0
0
0
0
0
0
0
10000
11
10000
134658515
10000
16361
16369
16356
16357
16352
16357
16372
16345
16377
16371
16337
16373
16359
16346
16366
16356
16348
16356
16358
16345
16372
16357
16350
16356
16380
16353
16367
16381
16337
16375
16384
0
0
0
0
0
0
0
0
0
0
0
0
0
0
0
0
0
0
0
0
0
0
0
0
0
0
0
0
0
10000
12
10000
135391827
10000
16508
16533
16427
16928
16382
16502
16549
16444
16313
16658
16802
16315
16118
16518
16462
16631
16125
16022
16504
16996
16424
16216
16363
16549
16298
16180
16358
16890
16575
16387
16162
0
0
0
0
0
0
0
0
0
0
0
0
0
0
0
0
0
0
0
0
0
0
0
0
0
0
0
0
0
10000
11
10000
137845039
10000
16368
16339
16373
16377
16339
16360
16361
16364
16353
16341
16363
16365
16350
16361
16359
16365
16350
16346
16351
16347
16343
16357
16363
16356
16337
16366
16348
16344
16375
16343
16334
0
0
0
0
0
0
0
0
0
0
0
0
0
0
0
0
0
0
0
0
0
0
0
0
0
0
0
0
0
10000
12
10000
138578489
10000
16525
16347
16294
16289
16647
16435
16362
16592
16477
16255
16625
16462
16374
16395
16602
16319
16521
16471
16332
16382
16589
16559
16321
15695
15537
16563
17460
17279
16432
15961
16420
0
0
0
0
0
0
0
0
0
0
0
0
0
0
0
0
0
0
0
0
0
0
0
0
0
0
0
0
0
10000
11
10000
141035632
10000
16349
16354
16357
16328
16379
16336
16346
16362
16355
16358
16357
16358
16365
16368
16356
16345
16357
16355
16357
16361
16360
16354
16367
16356
16349
16351
16354
16362
16357
16346
16357
0
0
0
0
0
0
0
0
0
0
0
0
0
0
0
0
0
0
0
0
0
0
0
0
0
0
0
0
0
10000
12
10000
141767988
10000
16706
16803
16462
16628
16853
16302
16489
16458
15752
16925
16654
16466
16280
16433
16519
16244
16101
16233
16268
16589
17019
16423
16358
16440
16512
16649
16354
16304
16464
17285
16493
0
0
0
0
0
0
0
0
0
0
0
0
0
0
0
0
0
0
0
0
0
0
0
0
0
0
0
0
0
