10000
12
10000
3752534851
10000
16532
16437
16492
16468
16478
16435
16451
16498
16432
16434
16591
16294
16327
16559
16377
16583
16412
16373
16456
16524
16411
16508
16513
16406
16515
16512
16440
16528
16668
16408
16456
0
0
0
0
0
0
0
0
0
0
0
0
0
0
0
0
0
0
0
0
0
0
0
0
0
0
0
0
0
10000
11
10000
3754989958
10000
16327
16374
16359
16327
16275
16273
16399
16343
16416
16258
16397
16344
16355
16352
16365
16336
16355
16342
16340
16367
16346
16323
16362
16371
16335
16357
16351
16330
16353
16351
16359
0
0
0
0
0
0
0
0
0
0
0
0
0
0
0
0
0
0
0
0
0
0
0
0
0
0
0
0
0
10000
12
10000
3755722705
10000
16502
16476
16492
16490
16445
16511
16484
16462
16476
16455
16476
16504
16424
16516
16527
16412
16505
16526
16431
16483
16486
16433
16490
16475
16442
16461
16438
16457
16473
16448
16458
0
0
0
0
0
0
0
0
0
0
0
0
0
0
0
0
0
0
0
0
0
0
0
0
0
0
0
0
0
10000
11
10000
3760159513
10000
16335
16351
16335
16340
16349
16347
16346
16364
16340
16346
16331
16340
16359
16342
16341
16339
16333
16348
16355
16347
16356
16345
16348
16344
16365
16337
16332
16352
16332
16339
16352
16355
16343
16337
16347
16328
16369
16334
16332
16358
16329
16332
16373
16320
16328
16356
16354
16341
16342
16349
0
0
0
0
0
0
0
0
0
0
10000
12
10000
3761879532
10000
16481
16448
16479
16497
16439
16477
16488
16405
16499
16513
16416
16508
16514
16451
16496
16446
16436
16488
16445
16465
16493
16459
16446
16483
16467
16468
16479
16477
16469
16442
16494
16512
16440
16492
16433
16424
16505
16439
16432
16499
16432
16432
16488
16439
16446
16292
16553
16475
16462
16441
16508
16071
16691
16450
16567
16293
16526
16477
16512
16539
10000
11
10000
3766305061
10000
16343
16298
16490
16196
16288
16381
16368
16460
16104
16457
16374
16327
16332
16325
16302
16380
16413
16367
16320
16282
16273
16378
16403
16376
16339
16313
16304
16330
16399
16353
16388
16337
16307
16344
16368
16357
16378
16346
16334
16347
16353
16337
16360
16369
16339
16357
16340
16331
16361
16362
16343
16333
16349
16338
16346
16364
16348
16346
16335
16348
10000
12
10000
3768023033
10000
16386
16522
16426
16512
16447
16406
16414
16473
16405
16442
16480
16419
16401
16488
16414
16429
16498
16445
16425
16491
16414
16435
16478
16420
16450
16475
16443
16487
16452
16435
16454
16446
16469
16452
16434
16446
16415
16425
16496
16414
16492
16498
16402
16516
16503
16401
16501
16489
16408
16412
16488
16426
16413
16480
16415
16447
16468
16447
16444
16483
10000
11
10000
3773432755
10000
16349
16324
16375
16354
16333
16336
16357
16347
16353
16365
16342
16322
16343
16337
16380
16399
16299
16399
16373
16199
16448
16355
16361
16357
16365
16378
16221
16298
16348
16393
16376
16319
16334
16348
16325
16404
16274
16315
16335
16357
16353
16344
16358
16346
16346
16342
16355
16338
16356
16362
16342
16356
16353
16317
16328
16360
16337
16339
16359
16368
10000
12
10000
3775152332
10000
16542
16423
16411
16405
16537
16518
16441
16559
16646
16541
16369
16595
16575
16460
16456
16433
16486
16458
16481
16502
16473
16443
16497
16444
16516
16512
16433
16506
16522
16436
16516
16501
16405
16504
16505
16413
16504
16501
16405
16491
16486
16422
16486
16432
16428
16464
16434
16465
16460
16447
16454
16448
16483
16480
16425
16473
16498
16407
16502
16521
10000
11
10000
3779578219
10000
16317
16318
16361
16334
16325
16363
16336
16371
16365
16329
16361
16370
16319
16373
16353
16327
16355
16370
16334
16358
16336
16338
16349
16370
16341
16353
16362
16321
16346
16346
16353
16349
16343
16342
16334
16349
16349
16338
16344
16363
16321
16336
16333
16343
16339
16346
16338
16322
16363
16358
16335
16331
16359
16336
16331
16362
16324
16328
16370
16368
10000
12
10000
3781297285
10000
16503
16396
16495
16410
16408
16482
16412
16407
16486
16433
16437
16481
16436
16444
16473
16429
16447
16452
16450
16469
16445
16485
16443
16433
16498
16443
16452
16500
16440
16436
16517
16435
16431
16506
16420
16476
16503
16419
16495
16496
16423
16492
16491
16459
16477
16466
16481
16453
16458
16486
16486
16426
16485
16497
16454
16510
16516
16436
16517
16536
10000
11
10000
3785724219
10000
16324
16362
16362
16322
16355
16362
16321
16356
16358
16328
16368
16351
16343
16359
16363
16332
16350
16363
16335
16359
16343
16335
16354
16346
16349
16359
16361
16342
16352
16343
16371
16309
16278
16377
16368
16368
16135
17866
16447
16968
15788
16730
15808
16735
16369
16474
16294
16405
16151
16328
16381
16410
16283
16361
16324
16332
16341
16394
16387
16317
10000
12
10000
3787442557
10000
16416
16432
16503
16432
16435
16483
16449
16441
16496
16411
16393
16536
16408
16430
16464
16556
16393
16464
16419
16454
18191
15244
17413
16241
16549
16572
16536
16464
16527
16445
16442
16493
16510
16462
16497
16395
16463
16530
16581
16529
16457
16444
16507
16541
16563
16526
16474
16490
16523
16498
16513
16499
16481
16499
16471
16563
16588
16354
16516
16507
10000
11
10000
3789896547
10000
16289
16279
16331
16406
16400
16358
16292
16323
16361
16338
16379
16378
16333
16369
16350
16318
16341
16360
16378
16358
16327
16332
16329
16362
16373
16382
16369
16327
16328
16334
16344
16367
16362
16353
16352
16338
16328
16332
16359
16377
16364
0
0
0
0
0
0
0
0
0
0
0
0
0
0
0
0
0
0
0
10000
12
10000
3790629325
10000
16463
16464
16480
16444
16453
16484
16472
16452
16453
16433
16435
16454
16466
16443
16439
16455
16429
16442
16496
16445
16418
16449
16426
16462
16494
16426
16393
16453
16439
16483
16475
16448
0
0
0
0
0
0
0
0
0
0
0
0
0
0
0
0
0
0
0
0
0
0
0
0
0
0
0
0
10000
11
10000
3793083752
10000
16316
16329
16338
16341
16379
16373
16341
16340
16316
16328
16349
16378
16361
16364
16332
16312
16334
16371
16380
16373
16341
16321
16327
16346
16353
16383
16363
16328
16330
16341
16337
16367
0
0
0
0
0
0
0
0
0
0
0
0
0
0
0
0
0
0
0
0
0
0
0
0
0
0
0
0
10000
12
10000
3793817558
10000
16428
16444
16457
16469
16447
16432
16436
16441
16456
16459
16440
16445
16420
16443
16466
16456
16416
16449
16418
16440
16460
16454
16425
16442
16442
16451
16443
16437
16443
16439
16451
0
0
0
0
0
0
0
0
0
0
0
0
0
0
0
0
0
0
0
0
0
0
0
0
0
0
0
0
0
10000
11
10000
3796271197
10000
16355
16352
16333
16327
16335
16355
16363
16355
16340
16324
16330
16347
16351
16359
16351
16338
16337
16337
16343
16344
16354
16343
16352
16337
16354
16355
16352
16360
16352
16351
16346
0
0
0
0
0
0
0
0
0
0
0
0
0
0
0
0
0
0
0
0
0
0
0
0
0
0
0
0
0
10000
12
10000
3797004975
10000
16445
16462
16451
16428
16450
16459
16450
16428
16428
16461
16445
16441
16463
16434
16432
16463
16450
16485
16449
16439
16437
16444
16436
16459
16460
16441
16453
16464
16467
16470
16463
0
0
0
0
0
0
0
0
0
0
0
0
0
0
0
0
0
0
0
0
0
0
0
0
0
0
0
0
0
10000
11
10000
3799460473
10000
16336
16343
16347
16342
16360
16366
16307
16357
16370
16331
16373
16350
16330
16344
16349
16345
16361
16365
16346
16345
16344
16330
16345
16366
16352
16347
16339
16337
16340
16358
16355
0
0
0
0
0
0
0
0
0
0
0
0
0
0
0
0
0
0
0
0
0
0
0
0
0
0
0
0
0
10000
12
10000
3800194252
10000
16454
16495
16472
16467
16469
16453
16478
16475
16453
16486
16473
16434
16468
16479
16469
16479
16475
16456
16484
16493
16469
16487
16483
16471
16477
16473
16470
16475
16468
16483
16489
0
0
0
0
0
0
0
0
0
0
0
0
0
0
0
0
0
0
0
0
0
0
0
0
0
0
0
0
0
10000
11
10000
3802648665
10000
16355
16340
16330
16331
16346
16361
16351
16345
16332
16351
16350
16344
16341
16341
16336
16345
16333
16337
16351
16321
16347
16356
16339
16333
16349
16326
16330
16368
16345
16344
16349
0
0
0
0
0
0
0
0
0
0
0
0
0
0
0
0
0
0
0
0
0
0
0
0
0
0
0
0
0
10000
12
10000
3803381534
10000
16478
16468
16472
16472
16467
16474
16474
16484
16494
16446
16496
16478
16469
16476
16457
16441
16422
16432
16437
16486
16448
16449
16479
16448
16451
16450
16467
16475
16451
16452
16446
0
0
0
0
0
0
0
0
0
0
0
0
0
0
0
0
0
0
0
0
0
0
0
0
0
0
0
0
0
10000
11
10000
3805835971
10000
16350
16335
16333
16344
16343
16327
16349
16341
16337
16366
16335
16348
16352
16343
16350
16338
16356
16356
16340
16335
16333
16352
16354
16347
16362
16333
16332
16362
16337
16354
16342
0
0
0
0
0
0
0
0
0
0
0
0
0
0
0
0
0
0
0
0
0
0
0
0
0
0
0
0
0
10000
12
10000
3806568670
10000
16461
16454
16457
16448
16445
16468
16465
16450
16474
16441
16443
16464
16473
16466
16464
16467
16471
16457
16475
16457
16454
16462
16461
16459
16470
16455
16434
16462
16453
16468
16466
0
0
0
0
0
0
0
0
0
0
0
0
0
0
0
0
0
0
0
0
0
0
0
0
0
0
0
0
0
10000
11
10000
3809023139
10000
16343
16339
16349
16357
16343
16347
16338
16356
16334
16350
16359
16341
16337
16348
16339
16354
16347
16350
16337
16364
16357
16336
16365
16361
16334
16351
16354
16355
16349
16351
16338
0
0
0
0
0
0
0
0
0
0
0
0
0
0
0
0
0
0
0
0
0
0
0
0
0
0
0
0
0
10000
12
10000
3809755973
10000
16470
16445
16456
16483
16456
16460
16466
16459
16489
16473
16472
16470
16459
16479
16468
16467
16468
16457
16463
16473
16464
16462
16471
16478
16460
16469
16457
16469
16482
16456
16454
0
0
0
0
0
0
0
0
0
0
0
0
0
0
0
0
0
0
0
0
0
0
0
0
0
0
0
0
0
10000
11
10000
3812211221
10000
16337
16355
16355
16356
16342
16336
16340
16345
16350
16340
16357
16351
16336
16350
16346
16341
16354
16346
16343
16338
16345
16347
16355
16354
16332
16348
16338
16348
16352
16339
16345
0
0
0
0
0
0
0
0
0
0
0
0
0
0
0
0
0
0
0
0
0
0
0
0
0
0
0
0
0
10000
12
10000
3812945188
10000
16479
16466
16453
16465
16463
16466
16476
16464
16465
16475
16471
16465
16455
16460
16456
16452
16456
16468
16452
16467
16463
16445
16468
16482
16445
16479
16475
16447
16479
16466
16461
0
0
0
0
0
0
0
0
0
0
0
0
0
0
0
0
0
0
0
0
0
0
0
0
0
0
0
0
0
10000
11
10000
3815399234
10000
16337
16343
16343
16357
16348
16347
16341
16341
16344
16350
16349
16342
16344
16341
16336
16353
16339
16334
16347
16351
16342
16342
16351
16337
16346
16330
16356
16351
16346
16326
16335
0
0
0
0
0
0
0
0
0
0
0
0
0
0
0
0
0
0
0
0
0
0
0
0
0
0
0
0
0
10000
12
10000
3816131934
10000
16451
16469
16470
16462
16475
16463
16467
16464
16453
16462
16460
16460
16463
16457
16457
16470
16444
16459
16464
16455
16481
16454
16446
16476
16448
16454
16460
16440
16450
16468
16480
0
0
0
0
0
0
0
0
0
0
0
0
0
0
0
0
0
0
0
0
0
0
0
0
0
0
0
0
0
10000
11
10000
3818588199
10000
16358
16336
16334
16338
16343
16337
16337
16338
16338
16350
16338
16334
16350
16332
16346
16354
16349
16345
16348
16358
16351
16348
16349
16342
16350
16332
16343
16352
16337
16348
16334
0
0
0
0
0
0
0
0
0
0
0
0
0
0
0
0
0
0
0
0
0
0
0
0
0
0
0
0
0
10000
12
10000
3819321993
10000
16448
16441
16476
16453
16450
16477
16458
16462
16457
16471
16470
16457
16488
16457
16461
16475
16450
16446
16473
16448
16444
16477
16452
16449
16472
16457
16442
16473
16460
16447
16452
0
0
0
0
0
0
0
0
0
0
0
0
0
0
0
0
0
0
0
0
0
0
0
0
0
0
0
0
0
10000
11
10000
3822773558
10000
16350
16356
16354
16340
16347
16358
16323
16356
16354
16329
16364
16346
16351
16355
16357
16346
16351
16340
16346
16357
16359
16347
16359
16342
16333
16346
16347
16341
16355
16350
16338
16358
16366
16352
16338
16351
16342
16347
16353
16342
16334
0
0
0
0
0
0
0
0
0
0
0
0
0
0
0
0
0
0
0
10000
12
10000
3823506518
10000
16472
16449
16468
16468
16452
16467
16458
16474
16460
16470
16476
16459
16457
16478
16455
16451
16476
16456
16457
16476
16454
16489
16481
16454
16479
16483
16473
16469
16471
16466
16467
16474
16467
16458
16449
16479
16458
16484
16473
16433
16433
0
0
0
0
0
0
0
0
0
0
0
0
0
0
0
0
0
0
0
10000
11
10000
3825963594
10000
16359
16342
16340
16345
16344
16348
16348
16328
16349
16349
16353
16349
16342
16352
16341
16341
16349
16334
16348
16334
16340
16340
16329
16350
16354
16350
16332
16346
16337
16351
16362
0
0
0
0
0
0
0
0
0
0
0
0
0
0
0
0
0
0
0
0
0
0
0
0
0
0
0
0
0
10000
12
10000
3826697923
10000
16480
16495
16439
16485
16483
16442
16474
16454
16433
16481
16443
16450
16470
16459
16436
16466
16439
16452
16465
16450
16455
16448
16449
16482
16449
16456
16436
16443
16481
16479
16436
0
0
0
0
0
0
0
0
0
0
0
0
0
0
0
0
0
0
0
0
0
0
0
0
0
0
0
0
0
10000
11
10000
3829151482
10000
16327
16345
16348
16349
16348
16348
16338
16339
16345
16338
16346
16354
16329
16336
16349
16340
16343
16352
16331
16327
16329
16347
16343
16359
16341
16330
16339
16349
16347
16351
16335
0
0
0
0
0
0
0
0
0
0
0
0
0
0
0
0
0
0
0
0
0
0
0
0
0
0
0
0
0
10000
12
10000
3829884444
10000
16436
16480
16426
16427
16483
16423
16427
16472
16441
16438
16459
16448
16442
16461
16454
16460
16457
16456
16450
16448
16459
16457
16442
16463
16444
16446
16467
16447
16454
16476
16491
0
0
0
0
0
0
0
0
0
0
0
0
0
0
0
0
0
0
0
0
0
0
0
0
0
0
0
0
0
10000
11
10000
3832339056
10000
16346
16345
16350
16343
16350
16331
16357
16360
16322
16360
16346
16345
16337
16346
16349
16356
16352
16343
16359
16358
16334
16354
16356
16352
16343
16344
16331
16348
16355
16343
16336
0
0
0
0
0
0
0
0
0
0
0
0
0
0
0
0
0
0
0
0
0
0
0
0
0
0
0
0
0
10000
12
10000
3833072045
10000
16462
16467
16477
16457
16456
16481
16454
16484
16478
16457
16460
16466
16462
16466
16459
16467
16460
16470
16470
16461
16444
16478
16451
16479
16486
16442
16484
16486
16454
16442
16488
0
0
0
0
0
0
0
0
0
0
0
0
0
0
0
0
0
0
0
0
0
0
0
0
0
0
0
0
0
10000
11
10000
3835525607
10000
16355
16352
16344
16363
16348
16341
16355
16347
16330
16359
16348
16334
16354
16351
16339
16338
16343
16347
16352
16350
16341
16359
16347
16351
16341
16338
16340
16343
16343
16342
16355
0
0
0
0
0
0
0
0
0
0
0
0
0
0
0
0
0
0
0
0
0
0
0
0
0
0
0
0
0
10000
12
10000
3836258511
10000
16490
16449
16476
16470
16465
16457
16483
16451
16491
16476
16462
16458
16462
16450
16452
16463
16462
16439
16474
16474
16442
16487
16491
16447
16495
16485
16432
16477
16421
16412
16435
0
0
0
0
0
0
0
0
0
0
0
0
0
0
0
0
0
0
0
0
0
0
0
0
0
0
0
0
0
10000
11
10000
3838714837
10000
16325
16338
16356
16341
16335
16349
16333
16328
16353
16350
16341
16350
16338
16338
16361
16343
16352
16344
16344
16344
16344
16331
16338
16357
16340
16329
16351
16338
16344
16371
16361
0
0
0
0
0
0
0
0
0
0
0
0
0
0
0
0
0
0
0
0
0
0
0
0
0
0
0
0
0
10000
12
10000
3839447876
10000
16481
16428
16423
16479
16451
16447
16474
16452
16462
16458
16453
16471
16463
16465
16479
16450
16468
16442
16434
16479
16433
16438
16484
16444
16431
16484
16441
16444
16492
16480
16431
0
0
0
0
0
0
0
0
0
0
0
0
0
0
0
0
0
0
0
0
0
0
0
0
0
0
0
0
0
10000
11
10000
3841901225
10000
16353
16328
16346
16339
16341
16351
16342
16339
16341
16347
16332
16361
16345
16332
16338
16344
16347
16344
16340
16350
16351
16338
16358
16339
16347
16348
16346
16351
16346
16336
16329
0
0
0
0
0
0
0
0
0
0
0
0
0
0
0
0
0
0
0
0
0
0
0
0
0
0
0
0
0
10000
12
10000
3842634116
10000
16443
16481
16441
16445
16473
16467
16468
16470
16465
16453
16458
16461
16455
16446
16481
16436
16426
16480
16428
16444
16473
16431
16415
16482
16435
16485
16479
16437
16474
16484
16470
0
0
0
0
0
0
0
0
0
0
0
0
0
0
0
0
0
0
0
0
0
0
0
0
0
0
0
0
0
10000
11
10000
3845089605
10000
16361
16368
16344
16358
16353
16338
16352
16356
16346
16352
16351
16333
16352
16351
16331
16349
16348
16331
16352
16361
16335
16355
16355
16335
16363
16360
16337
16355
16344
16347
16357
0
0
0
0
0
0
0
0
0
0
0
0
0
0
0
0
0
0
0
0
0
0
0
0
0
0
0
0
0
10000
12
10000
3845822531
10000
16433
16468
16472
16447
16463
16456
16444
16448
16441
16465
16456
16467
16476
16432
16483
16481
16428
16479
16475
16438
16485
16504
16439
16495
16485
16429
16495
16469
16436
16470
16474
0
0
0
0
0
0
0
0
0
0
0
0
0
0
0
0
0
0
0
0
0
0
0
0
0
0
0
0
0
10000
11
10000
3848276830
10000
16342
16336
16343
16358
16348
16348
16344
16342
16349
16344
16350
16351
16349
16330
16351
16334
16345
16348
16335
16341
16349
16335
16344
16359
16353
16332
16351
16353
16343
16336
16353
0
0
0
0
0
0
0
0
0
0
0
0
0
0
0
0
0
0
0
0
0
0
0
0
0
0
0
0
0
