10000
11
10000
1434599423
10000
16381
16362
16372
16368
16376
16361
16369
16354
16368
16382
16361
16366
16370
16365
16367
16373
16365
16369
16368
16369
16357
16368
16376
16348
16385
16352
16373
16366
16369
16377
16366
0
0
0
0
0
0
0
0
0
0
0
0
0
0
0
0
0
0
0
0
0
0
0
0
0
0
0
0
0
10000
12
10000
1435334349
10000
16050
16055
16057
16058
16060
16062
16063
16060
16058
16064
16051
16056
16075
16051
16060
16072
16040
16061
16067
16055
16036
16048
16047
16066
16070
16063
16046
16055
16032
16067
16058
0
0
0
0
0
0
0
0
0
0
0
0
0
0
0
0
0
0
0
0
0
0
0
0
0
0
0
0
0
10000
11
10000
1437788236
10000
16369
16355
16373
16358
16382
16379
16358
16361
16386
16353
16392
16381
16369
16377
16383
16368
16360
16383
16377
16363
16370
16370
16376
16366
16364
16375
16379
16358
16379
16383
16372
0
0
0
0
0
0
0
0
0
0
0
0
0
0
0
0
0
0
0
0
0
0
0
0
0
0
0
0
0
10000
12
10000
1438521232
10000
16062
16061
16058
16040
16056
16053
16080
16066
16047
16038
16044
16063
16058
16066
16049
16062
16055
16044
16064
16065
16053
16082
16078
16058
16077
16058
16059
16060
16061
16066
16060
0
0
0
0
0
0
0
0
0
0
0
0
0
0
0
0
0
0
0
0
0
0
0
0
0
0
0
0
0
10000
11
10000
1440975211
10000
16366
16355
16373
16355
16356
16372
16373
16367
16370
16374
16381
16371
16370
16384
16374
16380
16368
16359
16383
16361
16369
16376
16367
16360
16382
16355
16361
16364
16361
16346
16363
0
0
0
0
0
0
0
0
0
0
0
0
0
0
0
0
0
0
0
0
0
0
0
0
0
0
0
0
0
10000
12
10000
1441709190
10000
16060
16066
16067
16055
16067
16072
16071
16081
16070
16054
16072
16062
16063
16070
16077
16049
16069
16074
16062
16066
16061
16059
16077
16058
16066
16073
16064
16055
16069
16069
16051
0
0
0
0
0
0
0
0
0
0
0
0
0
0
0
0
0
0
0
0
0
0
0
0
0
0
0
0
0
10000
11
10000
1444163779
10000
16392
16392
16359
16370
16380
16358
16365
16358
16373
16382
16367
16371
16371
16354
16341
16375
16354
16371
16369
16362
16361
16380
16360
16361
16376
16356
16365
16376
16349
16359
16370
0
0
0
0
0
0
0
0
0
0
0
0
0
0
0
0
0
0
0
0
0
0
0
0
0
0
0
0
0
10000
11
10000
1447350665
10000
16375
16368
16377
16373
16368
16380
16353
16365
16370
16366
16362
16379
16370
16370
16374
16364
16368
16381
16361
16387
16397
16351
16384
16395
16360
16384
16391
16366
16382
16398
16382
0
0
0
0
0
0
0
0
0
0
0
0
0
0
0
0
0
0
0
0
0
0
0
0
0
0
0
0
0
10000
12
10000
1448084728
10000
16047
16046
16061
16042
16058
16046
16060
16054
16052
16058
16051
16050
16060
16062
16048
16076
16057
16073
16074
16058
16069
16072
16065
16081
16080
16055
16085
16079
16055
16065
16074
0
0
0
0
0
0
0
0
0
0
0
0
0
0
0
0
0
0
0
0
0
0
0
0
0
0
0
0
0
10000
11
10000
1452509269
10000
16349
16347
16377
16364
16371
16387
16361
16367
16392
16353
16393
16389
16358
16386
16379
16372
16368
16378
16357
16370
16370
16372
16365
16371
16371
16369
16385
16372
16372
16373
16371
16367
16364
16372
16373
16379
16371
16356
16358
16373
16380
16366
16363
16383
16356
16389
16386
16357
16388
16364
0
0
0
0
0
0
0
0
0
0
10000
12
10000
1453244410
10000
16066
16069
16076
16056
16055
16058
16074
16076
16056
16086
16061
16060
16084
16070
16063
16078
16072
16063
16072
16083
16058
16074
16076
16051
16069
16070
16057
16065
16057
16066
16071
16065
16064
16057
16072
16075
16063
16086
16072
16077
16077
16067
16061
16077
16065
16076
16085
16069
16067
16101
0
0
0
0
0
0
0
0
0
0
10000
11
10000
1455699017
10000
16356
16387
16388
16350
16402
16390
16349
16382
16387
16353
16385
16373
16374
16383
16377
16354
16381
16375
16367
16377
16374
16348
16377
16374
16366
16374
16366
16365
16376
16381
16365
16365
0
0
0
0
0
0
0
0
0
0
0
0
0
0
0
0
0
0
0
0
0
0
0
0
0
0
0
0
10000
12
10000
1456432084
10000
16083
16071
16067
16076
16059
16083
16074
16049
16093
16069
16065
16066
16073
16056
16066
16087
16084
16062
16073
16079
16061
16090
16073
16053
16069
16084
16059
16068
16080
16063
16071
16073
0
0
0
0
0
0
0
0
0
0
0
0
0
0
0
0
0
0
0
0
0
0
0
0
0
0
0
0
10000
11
10000
1459881492
10000
16368
16363
16372
16359
16367
16377
16362
16363
16379
16364
16398
16379
16347
16399
16383
16350
16390
16391
16353
16377
16384
16349
16386
16383
16359
16379
16385
16346
16385
16391
16369
16366
16379
16348
16354
16393
16351
16359
16399
16353
16385
0
0
0
0
0
0
0
0
0
0
0
0
0
0
0
0
0
0
0
10000
12
10000
1460614505
10000
16049
16064
16073
16040
16068
16064
16059
16046
16061
16075
16064
16056
16058
16068
16061
16068
16059
16079
16073
16053
16072
16058
16049
16079
16069
16066
16077
16082
16058
16085
16065
16049
16055
16050
16050
16065
16066
16068
16053
16063
16055
0
0
0
0
0
0
0
0
0
0
0
0
0
0
0
0
0
0
0
10000
11
10000
1463068379
10000
16377
16379
16368
16376
16362
16372
16360
16354
16386
16367
16361
16383
16367
16360
16379
16354
16352
16375
16354
16360
16376
16363
16350
16397
16349
16345
16390
16340
16350
16383
16387
0
0
0
0
0
0
0
0
0
0
0
0
0
0
0
0
0
0
0
0
0
0
0
0
0
0
0
0
0
10000
12
10000
1464798901
10000
16061
16060
16072
16065
16056
16075
16052
16065
16075
16060
16056
16070
16053
16066
16080
16067
16063
16072
16063
16065
16078
16070
16083
16078
16077
16072
16075
16069
16072
16049
16075
16064
16070
16067
16068
16071
16091
16057
16083
16082
16088
0
0
0
0
0
0
0
0
0
0
0
0
0
0
0
0
0
0
0
10000
11
10000
1467254783
10000
16349
16354
16391
16356
16344
16389
16342
16354
16387
16362
16359
16381
16362
16356
16385
16355
16358
16382
16355
16370
16375
16363
16363
16371
16368
16359
16367
16376
16366
16370
16375
16377
16366
16383
16384
16365
16375
16388
16353
16391
16390
0
0
0
0
0
0
0
0
0
0
0
0
0
0
0
0
0
0
0
10000
12
10000
1468973262
10000
16070
16082
16082
16068
16075
16051
16063
16072
16071
16050
16078
16053
16057
16067
16078
16067
16075
16059
16068
16057
16067
16062
16049
16069
16057
16054
16061
16065
16058
16060
16068
16048
16046
16073
16050
16058
16064
16059
16050
16076
0
0
0
0
0
0
0
0
0
0
0
0
0
0
0
0
0
0
0
0
10000
11
10000
1473398241
10000
16358
16346
16384
16349
16344
16397
16349
16350
16382
16350
16359
16377
16355
16351
16390
16343
16352
16395
16356
16361
16388
16352
16359
16388
16355
16365
16377
16353
16369
16368
16354
16358
16374
16362
16368
16380
16371
16375
16376
16380
16379
16350
16379
16370
16352
16396
16390
16356
16384
16384
16350
16344
16401
16347
16351
16384
16343
16352
16387
16353
10000
12
10000
1475116769
10000
16048
16056
16063
16057
16063
16058
16057
16057
16055
16053
16058
16058
16068
16044
16063
16062
16051
16064
16086
16059
16079
16075
16050
16067
16079
16058
16066
16067
16053
16060
16080
16051
16067
16066
16065
16057
16061
16077
16072
16065
16060
16065
16063
16071
16064
16075
16079
16058
16074
16074
16062
16068
16066
16077
16058
16065
16068
16057
16070
16075
10000
11
10000
1478557135
10000
16351
16390
16351
16347
16402
16337
16345
16396
16349
16352
16393
16340
16355
16381
16360
16361
16376
16349
16361
16378
16354
16361
16375
16363
16380
16364
16384
16377
16364
16374
16368
16367
16391
16375
16352
16382
16368
16361
16372
16387
16351
16379
16384
16348
16393
16383
16345
16389
16393
16353
16351
0
0
0
0
0
0
0
0
0
10000
12
10000
1484748069
10000
16058
16053
16063
16048
16060
16064
16046
16046
16051
16056
16061
16058
16049
16038
16063
16064
16063
16061
16054
16071
16057
16066
16063
16064
16060
16069
16064
16067
16056
16063
16070
16058
16060
16061
16058
16064
16075
16046
16059
16049
16056
16063
16061
16051
16062
16064
16070
16078
16072
16061
16079
16054
16060
16049
0
0
0
0
0
0
10000
11
10000
1487202782
10000
16380
16378
16343
16392
16380
16357
16382
16379
16359
16385
16399
16360
16388
16395
16359
16382
16389
16368
16377
16385
16353
16374
16380
16351
16384
16373
16373
16378
16383
16379
16363
16364
0
0
0
0
0
0
0
0
0
0
0
0
0
0
0
0
0
0
0
0
0
0
0
0
0
0
0
0
10000
12
10000
1487935911
10000
16055
16068
16054
16053
16054
16074
16060
16065
16073
16057
16064
16072
16059
16065
16081
16065
16064
16075
16050
16076
16050
16065
16067
16072
16064
16084
16082
16059
16084
16077
16075
0
0
0
0
0
0
0
0
0
0
0
0
0
0
0
0
0
0
0
0
0
0
0
0
0
0
0
0
0
10000
11
10000
1490390825
10000
16373
16377
16365
16377
16384
16358
16385
16390
16350
16384
16391
16352
16393
16385
16360
16393
16392
16359
16370
16398
16358
16386
16403
16345
16394
16394
16343
16399
16384
16344
16345
0
0
0
0
0
0
0
0
0
0
0
0
0
0
0
0
0
0
0
0
0
0
0
0
0
0
0
0
0
10000
12
10000
1491123908
10000
16072
16071
16074
16059
16062
16053
16067
16056
16062
16071
16063
16075
16075
16062
16057
16065
16054
16073
16048
16047
16052
16055
16046
16064
16050
16068
16065
16054
16062
16058
16056
0
0
0
0
0
0
0
0
0
0
0
0
0
0
0
0
0
0
0
0
0
0
0
0
0
0
0
0
0
10000
11
10000
1493579844
10000
16389
16371
16370
16387
16388
16359
16386
16370
16377
16370
16369
16365
16367
16367
16364
16376
16362
16367
16362
16362
16383
16356
16367
16382
16358
16357
16383
16355
16346
16382
16386
0
0
0
0
0
0
0
0
0
0
0
0
0
0
0
0
0
0
0
0
0
0
0
0
0
0
0
0
0
10000
12
10000
1494314015
10000
16061
16064
16043
16064
16048
16051
16053
16046
16045
16053
16058
16051
16051
16052
16055
16067
16059
16061
16051
16056
16076
16046
16058
16081
16060
16057
16063
16064
16052
16050
16058
0
0
0
0
0
0
0
0
0
0
0
0
0
0
0
0
0
0
0
10000
11
10000
1496769055
10000
16339
16347
16389
16347
16351
16392
16358
16339
16406
16354
16350
16391
16350
16353
16392
16341
16336
16396
16346
16354
16378
16356
16353
16399
16356
16360
16378
16368
16361
16389
16388
0
0
0
0
0
0
0
0
0
0
0
0
0
0
0
0
0
0
0
0
0
0
0
0
0
0
0
0
0
10000
12
10000
1497502290
10000
16048
16066
16049
16042
16062
16065
16053
16060
16052
16076
16069
16049
16060
16062
16050
16061
16079
16054
16069
16062
16065
16069
16060
16066
16064
16062
16050
16065
16064
16065
16061
0
0
0
0
0
0
0
0
0
0
0
0
0
0
0
0
0
0
0
0
0
0
0
0
0
0
0
0
0
10000
11
10000
1499960298
10000
16363
16365
16365
16389
16388
16359
16377
16381
16355
16382
16389
16358
16388
16399
16349
16382
16380
16361
16373
16390
16348
16396
16380
16349
16369
16390
16360
16402
16392
16343
16347
0
0
0
0
0
0
0
0
0
0
0
0
0
0
0
0
0
0
0
0
0
0
0
0
0
0
0
0
0
10000
12
10000
1500695944
10000
16066
16067
16081
16070
16073
16060
16057
16074
16076
16060
16061
16064
16072
16073
16081
16046
16051
16058
16062
16067
16051
16079
16060
16067
16053
16069
16070
16065
16066
16072
16066
0
0
0
0
0
0
0
0
0
0
0
0
0
0
0
0
0
0
0
0
0
0
0
0
0
0
0
0
0
10000
11
10000
1503151650
10000
16398
16387
16345
16397
16393
16346
16385
16391
16352
16393
16387
16348
16386
16376
16361
16388
16372
16368
16379
16370
16375
16377
16367
16374
16357
16367
16370
16358
16376
16383
16371
0
0
0
0
0
0
0
0
0
0
0
0
0
0
0
0
0
0
0
0
0
0
0
0
0
0
0
0
0
10000
12
10000
1503884812
10000
16070
16065
16062
16056
16068
16065
16060
16060
16071
16063
16069
16083
16063
16067
16076
16067
16059
16068
16068
16065
16070
16064
16063
16057
16071
16088
16069
16068
16060
16102
16063
0
0
0
0
0
0
0
0
0
0
0
0
0
0
0
0
0
0
0
0
0
0
0
0
0
0
0
0
0
10000
11
10000
1506338839
10000
16351
16355
16382
16348
16343
16391
16365
16346
16390
16355
16375
16374
16349
16347
16396
16350
16393
16330
16420
16400
16368
16364
16306
16439
16311
16345
16382
16366
16388
16349
16378
0
0
0
0
0
0
0
0
0
0
0
0
0
0
0
0
0
0
0
0
0
0
0
0
0
0
0
0
0
10000
12
10000
1507070959
10000
16087
16061
16112
16086
16063
16070
16081
16057
16064
16035
16068
16063
16056
16066
16019
16076
16021
16065
16038
16043
16034
16050
16057
16062
16077
16055
16058
16042
16054
16048
16053
0
0
0
0
0
0
0
0
0
0
0
0
0
0
0
0
0
0
0
0
0
0
0
0
0
0
0
0
0
10000
11
10000
1510521495
10000
16352
16354
16366
16358
16359
16383
16356
16364
16372
16387
16365
16370
16370
16366
16386
16382
16385
16358
16386
16384
16353
16374
16369
16364
16393
16380
16347
16383
16395
16360
16399
16398
16345
16395
16379
16354
16383
16379
16346
16394
16390
0
0
0
0
0
0
0
0
0
0
0
0
0
0
0
0
0
0
0
10000
12
10000
1511254725
10000
16035
16056
16049
16057
16055
16052
16064
16067
16048
16053
16056
16051
16046
16063
16039
16047
16065
16060
16070
16045
16055
16065
16059
16056
16059
16048
16061
16050
16069
16046
16059
16062
16041
16043
16069
16065
16050
16066
16052
16054
16044
0
0
0
0
0
0
0
0
0
0
0
0
0
0
0
0
0
0
0
10000
11
10000
1513712655
10000
16349
16351
16396
16360
16363
16393
16361
16349
16391
16352
16359
16386
16354
16363
16379
16375
16354
16376
16362
16368
16370
16373
16376
16376
16376
16377
16362
16381
16382
16360
16352
0
0
0
0
0
0
0
0
0
0
0
0
0
0
0
0
0
0
0
0
0
0
0
0
0
0
0
0
0
10000
12
10000
1514445880
10000
16060
16060
16047
16052
16035
16059
16052
16062
16046
16055
16039
16046
16049
16056
16056
16051
16074
16065
16058
16054
16055
16056
16060
16053
16062
16061
16065
16058
16049
16041
16056
0
0
0
0
0
0
0
0
0
0
0
0
0
0
0
0
0
0
0
0
0
0
0
0
0
0
0
0
0
10000
12
10000
1517633724
10000
16049
16046
16052
16048
16051
16060
16046
16047
16048
16060
16057
16045
16051
16054
16054
16054
16058
16052
16066
16053
16072
16055
16050
16056
16066
16059
16075
16070
16072
16054
16074
0
0
0
0
0
0
0
0
0
0
0
0
0
0
0
0
0
0
0
0
0
0
0
0
0
0
0
0
0
10000
11
10000
1522058309
10000
16344
16384
16371
16370
16375
16356
16365
16391
16372
16364
16376
16357
16386
16364
16375
16361
16363
16373
16386
16368
16366
16369
16375
16364
16367
16349
16399
16352
16336
16399
16351
16354
16395
16347
16364
16388
16352
16365
16391
16364
16348
16383
16376
16357
16397
16389
16365
16387
16391
16358
0
0
0
0
0
0
0
0
0
0
10000
12
10000
1523777974
10000
16057
16068
16071
16070
16069
16081
16059
16072
16073
16073
16075
16078
16069
16066
16071
16073
16070
16070
16051
16065
16064
16060
16061
16070
16059
16052
16069
16055
16057
16069
16065
16063
16067
16058
16048
16057
16054
16075
16055
16071
16077
16074
16055
16060
16062
16060
16066
16066
16058
16069
16069
16063
16082
16059
16081
16073
16067
16080
16074
16064
10000
11
10000
1527217787
10000
16372
16390
16360
16385
16374
16353
16388
16368
16373
16368
16378
16364
16384
16373
16368
16367
16390
16364
16372
16370
16364
16369
16356
16370
16369
16368
16395
16357
16366
16395
16345
16361
16380
16345
16361
16393
16352
16354
16388
16363
16368
16376
16360
16353
16377
16352
16358
16378
16362
16385
16362
0
0
0
0
0
0
0
0
0
10000
12
10000
1527950534
10000
16064
16074
16065
16057
16063
16072
16066
16079
16051
16061
16049
16060
16067
16045
16049
16060
16071
16059
16055
16068
16066
16062
16059
16056
16050
16034
16048
16050
16068
16056
16060
16059
16062
16049
16047
16075
16070
16084
16071
16065
16049
0
0
0
0
0
0
0
0
0
0
0
0
0
0
0
0
0
0
0
10000
11
10000
1530404192
10000
16372
16380
16374
16388
16413
16344
16398
16387
16349
16380
16391
16367
16381
16368
16380
16362
16362
16380
16343
16366
16380
16357
16350
16390
16370
16364
16395
16362
16350
16395
16389
0
0
0
0
0
0
0
0
0
0
0
0
0
0
0
0
0
0
0
0
0
0
0
0
0
0
0
0
0
10000
12
10000
1531137423
10000
16076
16074
16053
16044
16063
16059
16054
16053
16056
16053
16044
16051
16057
16047
16049
16055
16065
16053
16056
16061
16061
16062
16064
16062
16051
16056
16059
16060
16054
16050
16054
0
0
0
0
0
0
0
0
0
0
0
0
0
0
0
0
0
0
0
0
0
0
0
0
0
0
0
0
0
10000
11
10000
1533591215
10000
16361
16357
16384
16361
16355
16388
16365
16367
16382
16360
16345
16375
16352
16352
16391
16365
16346
16396
16364
16370
16376
16363
16362
16383
16358
16364
16378
16373
16371
16363
16373
0
0
0
0
0
0
0
0
0
0
0
0
0
0
0
0
0
0
0
0
0
0
0
0
0
0
0
0
0
10000
12
10000
1535319910
10000
16062
16068
16060
16044
16052
16053
16056
16064
16070
16058
16061
16066
16049
16050
16065
16061
16053
16062
16056
16058
16056
16059
16068
16058
16047
16072
16051
16028
16062
16034
16046
16044
16043
16026
16038
16037
16071
16044
16036
16043
16054
0
0
0
0
0
0
0
0
0
0
0
0
0
0
0
0
0
0
0
10000
11
10000
1539744571
10000
16376
16370
16371
16375
16365
16367
16372
16359
16377
16371
16376
16371
16369
16372
16373
16377
16369
16367
16394
16391
16352
16383
16375
16372
16380
16368
16370
16368
16376
16376
16394
16407
16338
16397
16383
16360
16381
16383
16371
16374
16379
16372
16367
16374
16369
16379
16374
16373
16387
16371
16375
16370
16363
16373
16369
16375
16354
16385
16362
16363
