10000
12
10000
2912777854
10000
16494
16538
16368
16549
16571
16474
16505
16651
16528
16489
16504
16516
16544
16515
16560
16581
16549
16533
16417
16461
16423
16728
16393
16534
16591
16533
16409
16465
16456
16444
16491
16441
16498
16520
16493
16497
16468
16443
16461
16452
16479
16490
16532
16558
16514
16524
16480
16487
16483
16467
16490
16520
16521
16519
16501
16491
0
0
0
0
10000
11
10000
2918193142
10000
16181
16247
16312
16359
16353
16288
16231
16200
16207
16264
16313
16360
16332
16303
16214
16222
16226
16310
16333
16353
16278
16239
16226
16255
16285
16310
16323
16300
16254
16240
16250
16256
16306
16323
16321
16253
16245
16242
16267
16281
16303
16294
16286
16254
16240
16244
16258
16294
16311
16286
16251
16261
16247
16282
16307
16284
16281
16261
16261
16272
10000
12
10000
2920397865
10000
16524
16518
16482
16490
16458
16453
16453
16443
16469
16505
16500
16515
16506
16448
16470
16459
16455
16482
16495
16500
16492
16470
16462
16400
16483
16503
16486
16518
16523
16531
16520
16479
16478
16491
16481
16509
16521
16537
16525
16528
16505
16482
16499
16481
16495
16515
16514
16517
16536
16498
16483
16507
16484
16535
16516
16527
16521
16507
16498
16493
10000
11
10000
2927794281
10000
16266
16264
16289
16288
16285
16272
16271
16273
16267
16281
16279
16288
16270
16267
16253
16265
16282
16287
16269
16271
16272
16263
16266
16276
16292
16285
16281
16267
16261
16270
16274
16295
16289
16271
16277
16262
16263
16276
16268
16298
16289
16269
16288
16269
16269
16278
16275
16278
16270
16277
16266
16277
16278
16285
16278
16277
16276
16264
16278
16278
10000
12
10000
2929999725
10000
16496
16492
16492
16497
16488
16488
16508
16516
16499
16500
16490
16497
16480
16489
16498
16493
16507
16506
16492
16485
16489
16488
16502
16503
16504
16518
16521
16511
16520
16508
16497
16509
16500
16492
16487
16524
16510
16507
16482
16497
16493
16499
16500
16500
16518
16506
16497
16503
16489
16501
16496
16492
16516
16512
16506
16510
16498
16494
16489
16496
10000
11
10000
2940455124
10000
16277
16285
16280
16262
16270
16260
16272
16261
16285
16268
16278
16266
16282
16268
16276
16276
16275
16267
16276
16271
16282
16275
16273
16276
16276
16271
16269
16277
16284
16286
16278
16268
16271
16269
16275
16276
16280
16276
16273
16263
16263
16286
16282
16280
16281
16276
16272
16264
16272
16272
10000
12
10000
2942659573
10000
16502
16502
16498
16513
16506
16505
16497
16502
16496
16492
16506
16498
16504
16499
16509
16487
16493
16483
16495
16489
16494
16496
16494
16503
16512
16491
16513
16492
16502
16491
16495
16489
16505
16494
16494
16503
16501
16491
16509
16512
16505
16510
16496
16498
16504
16515
16491
16490
16499
16504
16503
16497
16512
16529
16509
16500
16501
16486
16514
16517
10000
11
10000
2951051934
10000
16267
16263
16266
16280
16319
16246
16286
16261
16315
16211
16242
16285
16292
16335
16197
16365
16341
16236
16275
16258
16289
16260
16245
16317
16243
16243
16297
16253
16263
16255
16285
16293
16250
16280
16279
16270
16271
16285
16285
16281
16281
16286
16265
16288
16257
16249
16293
16264
16269
16278
16267
16279
16269
16279
16268
16287
16280
16271
16277
16272
10000
12
10000
2952271350
10000
16496
16550
16380
16510
16461
16508
16402
16646
16466
16482
16503
16506
16473
16500
16498
16484
16499
16503
16498
16516
16508
16526
16494
16513
16504
16509
16494
16516
16521
16515
16498
16521
16511
16518
16502
16506
16505
16495
16526
16514
16480
16505
16503
16512
16490
16514
16507
16501
16500
16490
16499
16483
16504
16511
16499
16493
16492
16487
16494
16494
10000
11
10000
2956697481
10000
16276
16277
16278
16282
16261
16268
16266
16279
16280
16280
16275
16276
16267
16275
16259
16278
16269
16281
16275
16286
16264
16278
16267
16262
16276
16277
16264
16289
16277
16266
16269
16273
16281
16279
16273
16278
16278
16285
16271
16273
16280
16271
16277
16279
16279
16282
16278
16274
16271
16292
16256
16288
16281
16276
16270
16277
0
0
0
0
10000
12
10000
2957916759
10000
16500
16503
16498
16508
16502
16504
16489
16496
16499
16493
16485
16499
16498
16493
16489
16506
16506
16496
16501
16507
16493
16490
16512
16506
16503
16492
16515
16498
16515
16496
16506
16487
16499
16496
16505
16497
16505
16493
16507
16507
16499
16489
16501
16496
16500
16498
16488
16494
16494
16502
16503
16497
16501
16487
16508
0
0
0
0
0
10000
11
10000
2962342923
10000
16286
16272
16280
16270
16272
16272
16273
16280
16272
16279
16285
16274
16280
16281
16263
16267
16281
16272
16272
16278
16268
16283
16284
16277
16286
16271
16278
16263
16279
16266
16265
16270
16274
16285
16279
16261
16278
16267
16287
16272
16277
16270
16275
16267
16287
16262
16280
16269
16290
16267
16275
16282
16273
16273
16281
0
0
0
0
0
10000
12
10000
2963562269
10000
16504
16503
16506
16498
16517
16495
16503
16494
16493
16482
16498
16496
16509
16499
16497
16499
16502
16496
16500
16492
16511
16500
16496
16490
16496
16510
16502
16503
16509
16509
16496
16506
16498
16495
16496
16499
16487
16484
16492
16499
16494
16499
16496
16506
16511
16487
16493
16499
16492
16509
16497
16489
16498
16517
16510
16502
0
0
0
0
10000
11
10000
2967988629
10000
16274
16288
16276
16275
16270
16279
16274
16269
16286
16285
16267
16286
16281
16281
16272
16264
16278
16276
16271
16280
16278
16277
16268
16277
16285
16272
16279
16275
16283
16291
16280
16296
16280
16279
16273
16278
16273
16281
16276
16283
16273
16285
16280
16282
16276
16272
16282
16280
16272
16274
16268
16263
16267
16288
16274
16270
0
0
0
0
10000
12
10000
2969209192
10000
16495
16492
16501
16496
16500
16501
16494
16493
16480
16503
16499
16495
16495
16496
16501
16495
16490
16490
16483
16492
16493
16500
16500
16496
16490
16506
16494
16486
16495
16501
16492
16494
16480
16492
16488
16482
16506
16511
16495
16499
16493
16495
16501
16505
16508
16491
16502
16505
16490
16506
16497
16495
16500
16501
16486
0
0
0
0
0
10000
11
10000
2973635111
10000
16279
16268
16282
16272
16282
16272
16285
16272
16274
16264
16281
16275
16282
16280
16280
16276
16277
16279
16275
16277
16279
16272
16261
16270
16277
16279
16284
16263
16265
16271
16287
16267
16288
16267
16288
16278
16279
16274
16273
16271
16282
16279
16272
16271
16267
16276
16273
16274
16277
16272
16273
16268
16288
16268
16274
0
0
0
0
0
10000
12
10000
2974854283
10000
16504
16488
16491
16499
16490
16488
16502
16508
16486
16501
16504
16489
16514
16496
16503
16489
16493
16486
16492
16485
16498
16489
16497
16490
16513
16508
16504
16501
16506
16510
16505
16516
16502
16505
16507
16520
16500
16517
16505
16494
16499
16494
16486
16501
16514
16504
16502
16506
16509
16517
16502
16502
16506
16516
16517
16508
0
0
0
0
10000
11
10000
2984332342
10000
16266
16276
16274
16288
16268
16279
16279
16280
16285
16264
16285
16277
16260
16288
16267
16277
16273
16288
16280
16276
16272
16277
16284
16277
16267
16283
16267
16280
16263
16272
16268
16294
16279
16286
16276
16289
16285
16266
16274
16271
16268
16281
16270
16284
16276
16281
16280
16269
16270
16276
16253
16271
16274
16281
16278
16281
16278
16286
16271
16273
10000
12
10000
2986536635
10000
16503
16504
16502
16503
16497
16507
16505
16519
16518
16521
16509
16514
16512
16506
16506
16505
16505
16514
16507
16492
16519
16507
16514
16509
16506
16494
16503
16506
16512
16508
16513
16511
16521
16517
16511
16520
16517
16504
16526
16507
16500
16528
16512
16513
16518
16514
16506
16520
16499
16517
16505
16518
16510
16507
16505
16506
16511
16519
16522
16502
10000
11
10000
2993932890
10000
16270
16276
16287
16272
16279
16276
16276
16268
16277
16279
16277
16265
16272
16281
16282
16285
16274
16272
16273
16263
16273
16270
16281
16268
16273
16271
16287
16270
16279
16276
16276
16274
16286
16274
16281
16263
16281
16272
16289
16273
16283
16262
16267
16280
16292
16274
16276
16276
16273
16274
16272
16271
16276
16272
16279
16280
16274
16287
16283
16280
10000
12
10000
2996137349
10000
16490
16519
16498
16507
16491
16511
16500
16499
16507
16511
16503
16512
16511
16498
16495
16508
16510
16513
16517
16511
16514
16515
16523
16519
16521
16492
16509
16505
16507
16501
16513
16500
16512
16515
16507
16505
16515
16511
16500
16517
16515
16496
16494
16496
16502
16508
16513
16513
16514
16515
16522
16504
16511
16504
16516
16500
16503
16512
16518
16513
10000
11
10000
3003533400
10000
16281
16276
16282
16272
16275
16273
16285
16259
16282
16280
16283
16282
16266
16278
16275
16293
16280
16289
16276
16289
16275
16285
16279
16263
16268
16259
16280
16280
16286
16281
16284
16275
16286
16271
16285
16276
16277
16269
16277
16278
16268
16271
16291
16280
16281
16269
16265
16284
16277
16276
16283
16264
16277
16275
16284
16272
16287
16268
16276
16279
10000
12
10000
3004752630
10000
16515
16510
16513
16503
16517
16528
16513
16501
16501
16508
16502
16512
16507
16511
16510
16495
16494
16503
16489
16506
16495
16500
16505
16511
16505
16509
16507
16513
16505
16526
16514
16506
16508
16498
16508
16505
16505
16527
16491
16501
16509
16521
16528
16508
16516
16498
16510
16499
16503
16495
16513
16500
16525
16502
16521
16520
16507
16516
16538
16531
10000
11
10000
3009182300
10000
16272
16279
16277
16274
16277
16275
16270
16264
16264
16282
16262
16246
16302
16263
16327
16214
16327
16264
16300
16223
16249
16274
16287
16317
16307
16245
16262
16238
16315
16264
16284
16277
16293
16274
16282
16269
16288
16262
16296
16298
16262
16275
16249
16289
16275
16265
16285
16272
16286
16268
16292
16285
16261
16278
16263
16287
0
0
0
0
10000
12
10000
3010401053
10000
16497
16516
16501
16646
16470
16474
16522
16512
16577
16516
16497
16538
16520
16511
16428
16499
16472
16510
16487
16523
16466
16526
16508
16500
16487
16502
16496
16497
16498
16509
16494
16497
16507
16505
16508
16484
16533
16496
16500
16501
16509
16495
16513
16511
16505
16497
16484
16470
16512
16497
16515
16514
16519
16503
16495
16494
0
0
0
0
10000
11
10000
3014826112
10000
16264
16278
16292
16260
16277
16270
16284
16268
16280
16278
16281
16283
16260
16276
16285
16285
16275
16270
16272
16282
16275
16281
16265
16283
16272
16268
16288
16284
16270
16279
16270
16280
16277
16280
16277
16277
16279
16268
16276
16276
16286
16288
16282
16269
16284
16277
16284
16274
16276
16274
16285
16283
16277
16275
16268
0
0
0
0
0
10000
12
10000
3016045277
10000
16490
16508
16496
16505
16501
16502
16504
16501
16513
16505
16508
16517
16504
16502
16498
16495
16505
16498
16492
16495
16507
16509
16488
16504
16506
16520
16512
16496
16498
16506
16503
16495
16502
16496
16524
16507
16506
16494
16512
16508
16501
16501
16491
16502
16502
16495
16489
16508
16489
16502
16510
16504
16502
16498
16496
0
0
0
0
0
10000
11
10000
3021455749
10000
16278
16268
16277
16285
16271
16265
16282
16274
16277
16270
16270
16277
16285
16285
16276
16275
16271
16280
16279
16279
16274
16274
16288
16269
16271
16276
16273
16285
16281
16268
16273
16270
16291
16279
16280
16270
16277
16261
16283
16273
16289
16262
16278
16268
16293
16269
16272
16260
16271
16280
16282
16275
16281
16271
16272
16280
16269
16280
16279
16278
