10000
12
10000
2746982530
10000
16642
16555
16637
16517
16573
16609
16559
16552
16563
16598
16546
16534
16617
16578
16917
16544
16577
16608
16554
16540
16605
16590
16571
16553
16534
16580
16566
16560
16594
16532
16558
16684
16564
16590
16559
16532
16561
16612
16509
16546
16649
16705
16839
17752
15615
15377
16192
16101
16125
16323
16083
16539
16595
16552
16005
16511
0
0
0
0
10000
11
10000
2751408736
10000
16482
16916
15740
16464
14697
16281
16459
16819
16874
15740
15852
16544
16007
16397
16562
16604
16298
16055
16465
16071
16072
15654
16503
15968
16233
16223
16454
16222
16632
16594
16171
14111
12092
20472
31370
13446
22766
12182
14475
8289
5203
25831
9510
25413
23116
13721
12426
8306
14023
24760
13372
18739
13950
17515
16612
0
0
0
0
0
10000
12
10000
2752627447
10000
16448
16447
16673
16647
16418
16737
16517
16376
16755
16639
16640
16611
16442
16528
16677
16565
16708
16529
16771
16500
16466
15887
16598
16603
16715
16600
16704
16538
16196
16264
15554
17267
16247
16786
16760
16595
16163
17278
15475
16047
16760
16868
17049
16415
16327
15544
16211
16523
16009
17467
17896
17707
16407
16434
16268
0
0
0
0
0
10000
11
10000
2757053711
10000
16057
16319
16284
16334
16356
16281
16060
16391
16161
16203
16257
16186
16265
16097
16205
16374
16080
16187
16222
16262
16072
16442
16121
16175
16231
16265
16195
16180
16409
16334
16063
16485
16214
16279
16237
16162
16297
16224
16167
16450
16063
16277
16234
16234
16147
16147
16389
16239
16221
16458
16161
16211
16331
16140
16248
16273
0
0
0
0
10000
12
10000
2758272459
10000
15739
16859
16010
15762
16130
13548
15444
14431
16092
19125
21023
18027
11657
8164
2908
27061
23398
27632
16257
15372
12347
3954
21750
18583
16416
15939
16581
16488
16475
16640
16503
16488
16788
16486
16516
16605
16536
16581
16560
16597
16546
16553
16595
16546
16553
16612
16546
16625
16612
16883
18073
17711
16981
14846
15008
15581
0
0
0
0
10000
11
10000
2762697645
10000
16081
16129
16231
16204
16664
16469
19919
15810
14949
16472
16628
15427
15704
13832
2329
28497
13537
21017
18566
16292
14667
14294
14760
14318
11636
32227
10913
20644
15265
14372
15698
15135
14913
15488
11773
3945
20017
18428
23565
15576
16328
13649
15944
16531
16732
16199
15005
17034
16576
15110
17750
15458
16827
16303
16776
0
0
0
0
0
10000
12
10000
2763917937
10000
16183
16803
11205
5653
28212
15095
16176
17453
16629
17985
20296
16060
14774
10493
4965
23084
22682
19023
17440
16388
17634
18452
17070
13395
4088
3362
25504
26142
23522
17747
16990
16184
15583
15932
15655
16825
16464
17744
17511
16027
17293
15725
18829
15300
17783
16859
16262
17802
16677
15920
16421
17269
15780
17089
16249
0
0
0
0
0
10000
11
10000
2768344782
10000
17016
16099
14904
14255
17834
16956
17552
14668
17228
15473
15355
15603
16867
17346
17238
16273
15449
15945
16678
17528
16927
15280
13840
15317
16662
14902
16784
16501
16144
16568
17936
15176
16883
16449
16507
16411
16526
16627
16191
16997
15924
15676
16085
16059
16144
16226
16583
16431
16403
16358
15942
16131
15957
17056
16129
16003
0
0
0
0
10000
12
10000
2769563579
10000
17708
15894
15707
15527
16480
17374
17261
17291
17440
15570
15668
15054
16538
17040
18897
17069
15777
16758
17469
15996
16246
16752
17975
17734
15635
16509
16730
16859
16537
16803
16296
16467
16973
16550
16553
16433
17171
16586
16776
16564
16344
16990
16606
16503
16637
16082
16574
17120
16785
15197
16146
17392
15607
16872
16035
16512
0
0
0
0
10000
11
10000
2777046991
10000
16771
16080
16580
15893
16416
16119
16962
15981
17503
17587
15924
13925
13352
3065
20871
19192
22558
22018
13064
7704
6243
36293
14807
23461
19534
13308
11933
8934
40250
12165
13748
14955
16360
16479
16137
16426
15990
16133
16260
16265
16197
16248
16328
16274
16180
16252
16267
16250
16266
16194
16169
16277
16238
16175
16220
16246
16165
16238
16323
16166
10000
11
10000
2787477793
10000
16279
16225
16225
16253
16262
16232
16287
16295
16268
16161
16175
16379
16218
16353
16211
16396
16192
16238
16290
16187
16237
16218
16299
16283
16223
16261
16389
16215
16236
16307
16261
16342
16885
19279
15935
15062
15580
15884
13520
13222
6197
31960
12969
16184
21280
14619
15199
9897
4898
15441
19118
12483
23634
15129
12627
8082
9726
36006
13664
20240
10000
12
10000
2788696405
10000
16721
22047
20102
8291
8322
3895
24062
17525
13488
17949
17817
12635
2065
26198
20985
20846
19006
17119
17145
16276
16890
16332
16461
16470
16621
19725
17278
16830
18325
9829
3100
8191
17565
17751
23922
19183
13801
3970
13725
11486
19404
25001
21909
16070
4110
5568
19434
23302
23165
17956
18850
17883
17382
16663
16990
15749
16234
14524
15603
15587
10000
11
10000
2793122146
10000
14525
16126
16103
16468
17470
17090
19451
14687
16277
15581
16243
15346
14195
16177
17707
15919
15635
15347
17105
16708
15873
15399
15952
17455
15984
18224
16231
15495
16780
16277
15803
15693
17873
16356
15816
16937
15757
15713
16223
17546
17059
15580
16660
15993
16563
15955
16292
16133
16613
16242
16281
15891
16250
16101
16204
16282
0
0
0
0
10000
12
10000
2795336776
10000
15160
16361
17465
15619
18388
16141
15730
18044
16641
17084
16453
16784
16040
16745
16319
16969
16549
16480
16294
16363
16562
15908
16634
15952
17420
16847
16401
16363
16148
20174
16678
16557
16383
16671
16519
16425
16391
16772
16557
16445
16513
16585
16634
16474
16451
16630
16539
16469
16631
16248
16563
16681
16556
16425
16511
16577
16630
16468
16532
16568
10000
11
10000
2799764390
10000
16278
16213
16318
16236
16277
16071
16474
16249
16502
15831
15894
16398
16412
16336
16277
16145
16268
16159
16398
16299
16350
19052
14530
13817
15354
15948
15999
17114
16816
16330
16325
14614
14856
15142
16667
16061
17113
11897
2701
22563
15763
23021
20804
13111
9608
12682
16314
17498
20629
18424
11915
15801
9745
9659
21810
19649
19411
16065
15262
15194
10000
12
10000
2800983906
10000
16547
16543
16478
16512
16553
16487
16489
16531
16511
16500
16505
16504
16537
16545
16579
16450
16552
16523
16574
16499
16460
16588
16645
16560
16478
16513
16546
16507
16513
16502
16576
16483
16540
16527
16531
16513
16542
16553
16641
16449
16472
16683
16463
16569
16509
16590
16694
17582
17789
18346
16787
14938
7515
4055
24078
0
0
0
0
0
10000
11
10000
2805409545
10000
17404
16718
16075
16255
16191
16467
16059
16289
16157
16197
16289
16245
16200
16242
16530
16247
16103
16273
16357
16289
16392
16027
16178
16197
16273
16212
16423
16159
16271
15875
16881
16475
16308
16756
17649
14427
12494
12407
7380
32387
17825
24561
15930
13878
13269
9049
21127
15382
18142
20977
14467
14463
8408
13656
18629
0
0
0
0
0
10000
12
10000
2806630125
10000
18422
20541
22838
14911
11477
9202
12120
23436
20799
16778
24165
13402
6088
4714
10194
16509
17625
16028
17149
16708
16491
16453
16327
16663
16521
17834
19252
16249
4587
19037
14968
20667
19206
17010
14208
6513
13334
18932
26975
20648
16777
10521
5908
19577
17733
18672
19281
17204
16649
16187
14519
14027
15555
17242
15445
15637
0
0
0
0
10000
11
10000
2811055642
10000
23598
13902
16169
15689
18127
16458
15122
16337
16567
15250
16667
15196
14941
15354
16250
15829
15259
15844
20085
16843
13463
21144
15376
15605
17951
15344
15053
16140
16933
16265
16258
16982
17384
15674
16486
15921
16795
17066
16507
16279
16395
15612
16370
16508
16314
16351
17211
15017
15034
16988
15565
16220
16027
16340
16118
16152
0
0
0
0
10000
12
10000
2812275280
10000
17158
17256
16971
17388
16673
17812
17097
16073
17789
16801
15536
16324
17838
15911
15291
19962
16946
16822
16872
16757
16211
16857
16371
16509
16265
16545
16957
16667
16423
16619
16387
16680
16368
16503
16428
16587
16461
16466
16539
16467
16461
16470
16537
16482
16552
16480
16479
16487
16467
16576
16479
16528
16457
16473
16524
0
0
0
0
0
10000
11
10000
2819761719
10000
15311
11758
16757
23591
15385
10615
6346
26428
15342
13323
15895
16228
16229
16096
16343
16087
16123
16281
16149
16340
16155
16396
16333
16222
16179
16076
16277
16288
16250
16118
16151
16239
16151
16225
16329
16178
16316
16342
16158
16228
16308
16164
16142
16112
20340
18514
13894
13119
10781
15206
29147
20280
24054
15344
15094
7605
7484
25945
21559
17661
10000
12
10000
2820981420
10000
16488
16436
16524
20066
19497
17788
13417
12893
11124
12657
4182
20697
20732
18967
15219
4297
8192
11289
24044
18831
19336
19714
9231
3511
23961
15820
16875
16156
16745
16256
16961
16947
16427
16818
16403
22792
17998
14355
4950
13117
24427
25398
22063
17097
7822
2662
20638
29232
20511
19389
16232
3774
4421
20085
15709
18171
14693
20568
15846
15868
10000
11
10000
2825406242
10000
12263
14356
4995
15625
32919
14224
22401
13611
15408
15224
15655
17380
14331
16820
16644
14596
15365
15459
16087
15500
16302
16597
13969
17128
15333
16400
16150
18314
16175
17568
16472
14929
16774
15738
16799
16479
16501
15753
16771
16333
16235
15597
16917
17367
16281
16202
16338
16313
16405
16121
16179
16506
16401
16176
16431
16254
0
0
0
0
10000
12
10000
2826625008
10000
15033
16752
17056
16579
16449
16389
15758
16563
17808
14553
17813
17632
16439
15205
17340
18285
16192
16502
16605
16505
16269
17285
17041
16321
16843
16658
16603
16475
16511
16645
16492
17013
16714
16439
16849
16468
16650
16422
16495
16739
16490
16478
16564
16367
16473
16576
16474
16692
16449
16620
16711
16545
16748
16394
16611
0
0
0
0
0
10000
11
10000
2831051602
10000
16388
16360
16232
16233
15938
16245
16204
16209
16583
16321
16253
16135
16472
16118
16222
16275
16255
16356
16216
16247
16216
16315
16257
16288
16144
16318
16213
16318
16189
16306
16224
16268
16249
16265
16282
16177
16296
16294
16733
16220
16353
16065
16453
16041
16339
16126
16235
16329
16767
16497
16344
15919
16632
16109
16353
0
0
0
0
0
10000
12
10000
2832270239
10000
16434
16483
16522
16500
16589
16476
16603
16470
16455
16522
16529
16547
16542
16513
16537
16546
16530
16478
16507
16536
16502
16570
16541
16554
16487
16496
16500
16540
16652
16545
16630
16540
16528
16495
16615
16555
16523
16520
16527
16544
16510
16539
16523
16537
16522
16514
16511
16549
16522
16546
16539
16531
16497
16538
16520
16747
0
0
0
0
10000
11
10000
2836697185
10000
16282
16270
16242
16291
16179
16375
20084
16218
15440
14741
13849
7820
28937
17128
17113
16290
12060
13096
13517
28515
16902
18668
21744
18566
10597
4724
24236
12943
20391
14444
15096
17049
15674
16221
16228
16404
16313
16211
16274
16095
16266
16232
16487
16142
16347
16378
16166
16310
16283
16312
16226
16237
16300
16221
16169
16192
0
0
0
0
10000
12
10000
2837918724
10000
16523
16560
16604
16606
16480
16531
16415
16547
16512
16596
16598
16494
16537
16556
16554
16555
16504
16551
16527
16535
16530
16747
18367
17169
15176
15122
15653
14463
6848
16362
12363
18348
24465
15974
11722
3241
5563
12997
17702
24005
18583
13382
1720
21568
24363
17244
16670
16341
16244
16721
16337
16391
16855
16402
24565
0
0
0
0
0
10000
11
10000
2842345374
10000
16283
16082
16248
16415
16213
16175
16132
16540
20204
15326
11800
5621
17757
18735
24500
17252
12520
7391
5486
22548
12951
24100
16262
9844
4813
10979
8733
17632
19844
14986
16169
16226
16318
18045
14430
15094
15843
15965
18753
16379
16680
16016
15745
17064
16723
16500
15516
15372
15456
16793
16063
14660
11204
18146
17363
0
0
0
0
0
10000
12
10000
2843564049
10000
16970
7672
21224
12922
23358
20767
23059
12217
14261
4538
18968
25060
15369
15562
8845
15284
17963
20636
18968
18130
15088
15830
22146
18214
14583
15013
16226
17346
16530
17440
16407
18069
16993
16631
15307
15084
14524
17338
17646
16908
16602
16317
16989
15233
15756
16061
15954
16018
16378
15625
17263
17987
17895
15318
17751
16646
0
0
0
0
10000
11
10000
2847989608
10000
17408
15923
15262
16198
16189
15679
16035
16544
17161
17391
16284
15599
16574
16032
17156
16246
15457
16393
16329
16323
16360
16059
16289
16152
16277
16387
16412
16159
16235
16261
16254
16229
16251
16244
16187
16334
16223
16273
16285
16277
16306
16318
16199
16242
16545
17197
16506
14230
13780
7277
12870
29022
18943
21689
12152
10656
0
0
0
0
10000
12
10000
2849210339
10000
16873
16573
16561
16375
16879
16557
16384
16528
16918
16374
16736
16474
16278
17027
16189
16170
16651
16516
16624
16419
16539
16465
16532
16504
16509
16640
16498
16561
16503
16493
16521
16491
16504
16523
16506
16521
16506
16517
16409
16541
16540
16506
16608
16439
16598
16509
16574
16485
16096
16576
16460
16552
16471
16572
16568
0
0
0
0
0
10000
11
10000
2856693521
10000
16298
16242
16163
16304
16360
16296
16219
16225
16299
16264
16307
16408
16099
16353
16278
16246
16423
16348
16228
16298
18416
17699
16186
14563
12079
5647
34851
14111
23842
11963
15428
10404
3890
34988
12856
26000
14497
11133
6229
11850
38732
16331
20602
15225
16729
16285
16272
15299
17117
15498
18533
15253
15844
16685
16393
15488
16554
14536
16327
13913
10000
12
10000
2857913224
10000
17948
21442
16409
17128
16276
16520
16383
16815
16710
16462
16485
19736
20083
13934
970
16504
28032
18824
25149
16385
8722
15570
10972
16194
22799
18338
7365
14845
6845
20625
16137
16412
17265
16712
16891
16947
17739
15963
15769
16860
18435
16266
17855
18785
17005
16214
15197
14553
17971
17466
18591
16369
17484
15647
15820
16301
18464
17026
17640
16324
10000
11
10000
2862340622
10000
17309
16694
16461
15037
15203
17302
17588
15826
17232
15978
18449
16311
16538
16479
17506
16275
16209
16324
18741
15753
16526
16758
15929
15703
15952
17003
15985
16812
16433
16217
15400
16970
15734
16325
17221
16524
15539
16993
16999
16098
16201
16248
16404
14951
15687
17004
16508
17589
14242
15948
15492
16023
15559
16026
16761
16183
0
0
0
0
10000
12
10000
2863560229
10000
17235
17791
16408
16208
16565
14676
16329
18245
15573
17008
16534
16229
17092
17344
16231
16729
16967
15600
16920
16860
16424
16870
16954
16567
16659
16945
16439
16899
16621
16101
16780
16558
16734
15619
16636
15967
18756
16404
17161
16928
16780
16261
16417
15215
16285
16322
16998
16415
17074
17651
17087
16007
15121
14220
17428
0
0
0
0
0
10000
11
10000
2867988924
10000
16368
16033
16486
15916
16835
19130
16449
16229
13614
15035
14393
18552
16335
17230
16493
17992
16067
17519
15372
15866
14422
15287
17830
15976
16059
16417
16151
16133
16121
16488
16740
15779
16562
16300
16283
16146
16164
16325
16216
16284
16295
16106
16200
16172
16363
16424
16246
16612
17196
15741
14331
19056
14902
17096
16267
0
0
0
0
0
10000
12
10000
2869208111
10000
17178
18350
16947
15861
17202
17181
15843
15551
17090
16560
16544
16441
16579
16398
16955
16569
18106
16034
16734
16289
16626
16443
16572
16433
16515
16434
16552
16562
16422
16495
16485
16597
16473
16534
16350
16420
16616
16482
16514
16429
16484
16535
16598
16554
16464
16426
16468
16585
16497
16558
16418
16495
16433
16907
16611
16524
0
0
0
0
10000
11
10000
2874618706
10000
16351
16464
16313
16149
16320
16397
16573
16106
17279
20932
15887
13371
9417
7484
14181
18474
19153
11167
10840
13178
33128
12862
15599
19811
14037
10282
6561
34314
11358
17426
15232
16511
16319
16368
16165
16482
15989
16541
16253
16318
16063
16186
16239
16581
16177
16466
16046
16155
16403
16175
16258
16126
16382
16173
16269
16202
16384
16070
16116
16469
10000
12
10000
2875839224
10000
16515
16528
16504
16621
16476
16497
16475
16555
16531
16371
16432
16603
16503
16552
16046
16570
16582
16393
16558
16528
16730
16617
20724
16539
15823
15598
15171
14006
14271
4079
16664
27280
21335
17271
14384
13403
11242
4176
5162
19668
21038
17277
11205
5915
13542
16265
18217
16315
16301
16627
16454
16510
16566
16457
16548
20093
14834
14885
9273
18036
10000
11
10000
2880265514
10000
16372
16258
16177
16256
16045
21144
15936
13926
13796
7474
16232
24836
22975
16413
11043
10337
5259
13543
22845
21369
13733
10258
4132
17070
13472
18556
15740
15702
16955
15558
15731
16688
16125
16550
16028
16376
16128
16454
16269
20519
20249
19811
16694
15753
14319
14995
13284
15840
16769
16307
16684
16342
16706
16044
15456
12717
0
0
0
0
10000
12
10000
2881484991
10000
28346
20342
15311
10853
7065
9306
16366
18871
15293
12242
7390
9291
17758
19423
16303
16876
16405
16528
16661
16830
16412
16370
16783
15841
17245
16557
17009
19863
21453
18908
14814
13144
15380
15629
17154
16472
16269
15774
15541
16564
16636
14994
15322
13696
16967
16956
17360
16093
15662
18960
19304
17132
15535
17101
17124
0
0
0
0
0
10000
11
10000
2885912545
10000
13220
15595
16588
17930
17455
17748
17536
17402
17209
16355
17917
17104
15555
14930
14547
24982
16434
5375
3296
14427
17112
11884
3380
23298
19051
17578
2458
3804
38457
18341
5658
2723
24076
18196
16623
3669
10939
20059
21264
19332
15120
14886
15724
15822
17805
15175
16572
15631
16045
16811
17369
18016
18094
14601
19408
0
0
0
0
0
10000
12
10000
2887131960
10000
15722
15345
19218
27410
24689
9321
3509
11812
7409
15380
3159
4929
22099
36231
10239
2726
13299
37619
14868
4642
13987
14258
13584
6772
4710
22421
24176
19041
19048
14352
15518
16542
15083
15344
17213
16677
16925
19214
15680
16924
16970
13901
16132
17597
17893
13516
13027
14884
19499
15538
16543
21550
14672
12521
21341
14562
0
0
0
0
10000
11
10000
2894616095
10000
18418
10767
14933
17258
16407
17272
15983
17860
18737
16458
19034
17495
14753
16272
15458
15496
17032
16780
17807
18358
17549
17121
15997
16315
14644
16209
15638
15789
15250
18864
19506
16887
13512
17505
17090
11570
10915
14512
18474
16035
14672
14969
19686
18497
15955
13234
14898
19259
21107
16411
13976
14931
17565
14240
19388
18501
18422
14376
15638
18711
10000
12
10000
2895835437
10000
14984
16435
16493
16727
17063
16007
17843
18976
19191
16061
16390
16348
16889
18802
18328
16999
16944
16742
16147
15347
15969
13372
19478
17463
12508
18623
18673
20906
15101
16524
23785
16880
18909
15498
15448
15197
16552
17154
18095
16417
18620
16922
17138
16570
20584
18237
18274
18308
14305
15200
17569
16436
16598
21618
18931
17843
16723
15489
15915
15739
10000
11
10000
2900261239
10000
16716
15516
17812
15675
15696
17215
17281
16199
17217
20301
11617
21500
14982
18854
19525
19092
23092
21060
18324
24095
20921
22223
14251
16577
13926
17609
15931
16245
15354
16495
17222
16263
16715
16548
17457
16318
15698
15934
18337
16898
16366
15735
15880
16820
16821
14086
13940
16839
17319
17378
16174
20972
16338
15038
16638
0
0
0
0
0
10000
12
10000
2901481433
10000
16496
16310
16074
17098
16433
17027
16946
16789
16794
16329
16516
13355
13707
15425
16990
17846
19364
15606
19986
16975
15827
23882
16281
27600
14810
19291
16998
17153
16918
16657
16692
17069
17327
16857
16634
16550
16623
16580
16504
16483
16597
16741
16684
16599
16467
16422
16502
16479
16446
16517
16615
16718
16596
16521
16475
16475
0
0
0
0
10000
11
10000
2905908794
10000
13282
23128
14607
15649
19296
15423
15833
18152
13919
24106
21836
15863
15407
14630
13002
12286
16797
15969
14471
20285
17958
17001
16043
16668
16524
16124
16392
16018
16154
16242
16232
16325
16182
16090
15869
15881
15812
16066
15925
16727
16994
16806
17226
17592
17565
22073
19230
23573
20498
20204
29626
1889
10249
12852
17782
15816
0
0
0
0
10000
12
10000
2907127856
10000
16456
16417
16499
16665
16674
16628
16492
16460
16472
16535
16453
16478
16522
16655
16641
16568
16466
16468
16467
16444
16421
16520
16663
16584
16590
16482
16465
16449
16408
16431
16485
16508
16593
16599
16511
16467
16447
16463
16385
16512
16516
16604
16609
16557
16511
16481
16505
16429
16465
16363
16682
16562
16546
16451
16455
0
0
0
0
0
10000
11
10000
2911555794
10000
11694
13141
22735
21131
15622
17105
22816
15473
14175
16088
18392
14977
14491
13689
17449
15610
16567
17259
17033
15024
17027
15781
15969
16030
16306
16273
16521
16461
16359
16236
16062
16195
16358
16395
16385
16211
16363
16129
16216
16127
16354
16462
16424
16334
16144
16203
16148
16308
16364
16423
16327
16238
16209
16178
16233
0
0
0
0
0
