10000
11
10000
2576905067
10000
15982
16910
15560
16922
16187
15504
16961
15142
16863
15920
15440
17048
16277
16550
15647
16360
16481
16082
15956
16657
15775
15909
16779
16724
16328
15985
16928
15803
16142
15896
16107
15700
17173
16939
16367
15805
0
0
0
0
0
0
0
0
0
0
0
0
0
0
0
0
0
0
0
0
0
0
0
0
10000
12
10000
2578133211
10000
16579
17005
14078
17001
16430
16781
16765
15954
16378
16988
16765
16553
16656
16725
16614
16243
16710
16607
16359
16928
17283
17280
16228
16449
17488
16294
16726
16175
16713
16705
16768
16255
16435
16098
16626
17009
16964
18017
16774
16246
16207
16184
16830
16799
15442
16243
0
0
0
0
0
0
0
0
0
0
0
0
0
0
10000
11
10000
2579588195
10000
14310
14808
15655
15868
15688
15510
16688
16982
16223
16183
15429
15679
16347
16921
17858
15996
16124
16420
16615
16402
15831
16879
16076
16014
15846
16258
0
0
0
0
0
0
0
0
0
0
0
0
0
0
0
0
0
0
0
0
0
0
0
0
0
0
0
0
0
0
0
0
0
0
10000
12
10000
2579821211
10000
16724
16494
16794
16670
16947
16565
16663
16345
16137
16352
16831
16268
16355
16447
16592
16496
0
0
0
0
0
0
0
0
0
0
0
0
0
0
0
0
0
0
0
0
0
0
0
0
0
0
0
0
0
0
0
0
0
0
0
0
0
0
0
0
0
0
0
0
10000
11
10000
2581277276
10000
16155
16878
16237
16149
16404
16285
16182
16338
15720
16323
15943
16460
15920
16655
16348
16079
0
0
0
0
0
0
0
0
0
0
0
0
0
0
0
0
0
0
0
0
0
0
0
0
0
0
0
0
0
0
0
0
0
0
0
0
0
0
0
0
0
0
0
0
10000
12
10000
2582505416
10000
16434
16593
16328
16425
16785
16579
16296
16628
16269
16590
16681
16470
16524
16704
16507
16677
16492
16298
16574
16766
16553
16757
16572
16297
16314
16757
0
0
0
0
0
0
0
0
0
0
0
0
0
0
0
0
0
0
0
0
0
0
0
0
0
0
0
0
0
0
0
0
0
0
10000
11
10000
2583959628
10000
16273
15922
16140
16171
16318
16404
16191
16653
16223
16359
16162
15229
16384
16005
17539
13454
18712
18821
16384
16744
16065
14733
16626
14520
15819
17120
0
0
0
0
0
0
0
0
0
0
0
0
0
0
0
0
0
0
0
0
0
0
0
0
0
0
0
0
0
0
0
0
0
0
10000
12
10000
2584192828
10000
16273
16660
16815
16877
16953
16696
16640
16085
15549
17123
17582
16857
17247
16889
16379
16595
0
0
0
0
0
0
0
0
0
0
0
0
0
0
0
0
0
0
0
0
0
0
0
0
0
0
0
0
0
0
0
0
0
0
0
0
0
0
0
0
0
0
0
0
10000
11
10000
2585647794
10000
15693
16402
16293
14394
14859
15941
17299
13899
16748
14140
16928
14540
21889
14723
21730
11917
0
0
0
0
0
0
0
0
0
0
0
0
0
0
0
0
0
0
0
0
0
0
0
0
0
0
0
0
0
0
0
0
0
0
0
0
0
0
0
0
0
0
0
0
10000
12
10000
2585880911
10000
16142
16304
16435
17019
15680
15768
17022
16359
15197
15574
14578
17278
19767
20765
16841
17167
0
0
0
0
0
0
0
0
0
0
0
0
0
0
0
0
0
0
0
0
0
0
0
0
0
0
0
0
0
0
0
0
0
0
0
0
0
0
0
0
0
0
0
0
10000
11
10000
2587335046
10000
15856
16021
17467
13560
17077
19318
18708
19077
14548
14510
16095
16736
16074
15066
20042
17690
0
0
0
0
0
0
0
0
0
0
0
0
0
0
0
0
0
0
0
0
0
0
0
0
0
0
0
0
0
0
0
0
0
0
0
0
0
0
0
0
0
0
0
0
10000
12
10000
2587568198
10000
17547
19224
17043
24268
18267
15769
16336
15120
16632
17612
17326
15566
16210
16899
16946
16881
0
0
0
0
0
0
0
0
0
0
0
0
0
0
0
0
0
0
0
0
0
0
0
0
0
0
0
0
0
0
0
0
0
0
0
0
0
0
0
0
0
0
0
0
10000
11
10000
2589022384
10000
15506
16598
14749
18011
15336
15894
16738
15399
15689
16136
16445
15973
17148
21898
10593
15871
0
0
0
0
0
0
0
0
0
0
0
0
0
0
0
0
0
0
0
0
0
0
0
0
0
0
0
0
0
0
0
0
0
0
0
0
0
0
0
0
0
0
0
0
10000
12
10000
2589258368
10000
15832
16065
19139
16738
17053
15935
19196
16920
16533
16721
16674
16656
16569
16662
16596
16545
0
0
0
0
0
0
0
0
0
0
0
0
0
0
0
0
0
0
0
0
0
0
0
0
0
0
0
0
0
0
0
0
0
0
0
0
0
0
0
0
0
0
0
0
10000
11
10000
2590712458
10000
20892
16337
15337
17181
13277
7961
16391
11712
21211
10485
15667
9827
7526
16190
12328
13546
0
0
0
0
0
0
0
0
0
0
0
0
0
0
0
0
0
0
0
0
0
0
0
0
0
0
0
0
0
0
0
0
0
0
0
0
0
0
0
0
0
0
0
0
10000
12
10000
2590945535
10000
16637
16615
16594
16594
16597
16629
16579
16615
16591
16573
16576
16589
16634
16568
16598
16600
0
0
0
0
0
0
0
0
0
0
0
0
0
0
0
0
0
0
0
0
0
0
0
0
0
0
0
0
0
0
0
0
0
0
0
0
0
0
0
0
0
0
0
0
10000
11
10000
2592398718
10000
15166
9135
6784
34190
13903
20381
14908
16698
16025
16075
15700
16242
16399
16399
16001
16443
0
0
0
0
0
0
0
0
0
0
0
0
0
0
0
0
0
0
0
0
0
0
0
0
0
0
0
0
0
0
0
0
0
0
0
0
0
0
0
0
0
0
0
0
10000
12
10000
2592632678
10000
16479
16590
16575
16602
16580
16559
16580
16724
16788
15476
17172
14622
16685
15717
15824
17333
0
0
0
0
0
0
0
0
0
0
0
0
0
0
0
0
0
0
0
0
0
0
0
0
0
0
0
0
0
0
0
0
0
0
0
0
0
0
0
0
0
0
0
0
10000
11
10000
2594086994
10000
16240
16139
16267
16297
16051
16226
16206
16280
16171
16315
15905
16339
16157
16581
16078
15805
0
0
0
0
0
0
0
0
0
0
0
0
0
0
0
0
0
0
0
0
0
0
0
0
0
0
0
0
0
0
0
0
0
0
0
0
0
0
0
0
0
0
0
0
10000
12
10000
2594321060
10000
17356
17575
16259
15279
13464
20998
27004
21143
19467
15174
12039
11510
13110
16334
20705
15901
0
0
0
0
0
0
0
0
0
0
0
0
0
0
0
0
0
0
0
0
0
0
0
0
0
0
0
0
0
0
0
0
0
0
0
0
0
0
0
0
0
0
0
0
10000
11
10000
2595775127
10000
16635
15935
16262
16212
16116
16080
15973
16641
16369
16415
15908
16234
15968
16374
16076
15780
0
0
0
0
0
0
0
0
0
0
0
0
0
0
0
0
0
0
0
0
0
0
0
0
0
0
0
0
0
0
0
0
0
0
0
0
0
0
0
0
0
0
0
0
10000
12
10000
2596009148
10000
11855
9510
18231
15217
16502
16752
16775
16606
16746
16531
16648
16582
16615
16508
16703
16545
0
0
0
0
0
0
0
0
0
0
0
0
0
0
0
0
0
0
0
0
0
0
0
0
0
0
0
0
0
0
0
0
0
0
0
0
0
0
0
0
0
0
0
0
10000
11
10000
2597464297
10000
16562
16062
16367
16136
16189
16210
16207
16321
16562
18109
17157
16582
16179
16044
16106
16063
0
0
0
0
0
0
0
0
0
0
0
0
0
0
0
0
0
0
0
0
0
0
0
0
0
0
0
0
0
0
0
0
0
0
0
0
0
0
0
0
0
0
0
0
10000
12
10000
2597700360
10000
16563
16605
16600
16597
16559
16667
19783
18408
16455
16441
16336
15872
16150
16699
15823
16617
0
0
0
0
0
0
0
0
0
0
0
0
0
0
0
0
0
0
0
0
0
0
0
0
0
0
0
0
0
0
0
0
0
0
0
0
0
0
0
0
0
0
0
0
10000
11
10000
2599156411
10000
16062
14598
15716
16383
16394
15819
16672
16000
16698
17017
16660
16556
16507
16692
15255
15105
0
0
0
0
0
0
0
0
0
0
0
0
0
0
0
0
0
0
0
0
0
0
0
0
0
0
0
0
0
0
0
0
0
0
0
0
0
0
0
0
0
0
0
0
10000
12
10000
2599389484
10000
15749
15611
16615
16982
17934
16424
16738
18299
17319
16894
16634
17028
15544
15866
15881
16522
0
0
0
0
0
0
0
0
0
0
0
0
0
0
0
0
0
0
0
0
0
0
0
0
0
0
0
0
0
0
0
0
0
0
0
0
0
0
0
0
0
0
0
0
10000
11
10000
2600848319
10000
16078
16504
15850
15861
18610
13501
15944
15588
16590
16645
16336
16913
16166
15999
16005
16455
0
0
0
0
0
0
0
0
0
0
0
0
0
0
0
0
0
0
0
0
0
0
0
0
0
0
0
0
0
0
0
0
0
0
0
0
0
0
0
0
0
0
0
0
10000
12
10000
2601081822
10000
16928
17502
15613
15809
15614
16198
17288
17084
16519
16766
16785
17010
16140
16180
16313
16318
0
0
0
0
0
0
0
0
0
0
0
0
0
0
0
0
0
0
0
0
0
0
0
0
0
0
0
0
0
0
0
0
0
0
0
0
0
0
0
0
0
0
0
0
10000
11
10000
2602538003
10000
16672
15879
15883
16626
15943
16083
16587
16307
16193
16720
15496
16310
15056
16582
18732
17822
0
0
0
0
0
0
0
0
0
0
0
0
0
0
0
0
0
0
0
0
0
0
0
0
0
0
0
0
0
0
0
0
0
0
0
0
0
0
0
0
0
0
0
0
10000
12
10000
2602771029
10000
17403
17044
16796
16112
16246
19283
16053
17059
16631
16619
16778
16492
16520
16683
16575
16551
0
0
0
0
0
0
0
0
0
0
0
0
0
0
0
0
0
0
0
0
0
0
0
0
0
0
0
0
0
0
0
0
0
0
0
0
0
0
0
0
0
0
0
0
10000
11
10000
2604225311
10000
13015
19207
14114
17915
17222
15586
16957
16503
16204
16162
16490
15944
16427
16070
16573
16533
0
0
0
0
0
0
0
0
0
0
0
0
0
0
0
0
0
0
0
0
0
0
0
0
0
0
0
0
0
0
0
0
0
0
0
0
0
0
0
0
0
0
0
0
10000
12
10000
2604460344
10000
16572
16808
16695
16610
16664
16538
16530
16658
16668
16601
16650
16294
17046
16118
17683
16687
0
0
0
0
0
0
0
0
0
0
0
0
0
0
0
0
0
0
0
0
0
0
0
0
0
0
0
0
0
0
0
0
0
0
0
0
0
0
0
0
0
0
0
0
10000
11
10000
2605915467
10000
16522
15975
16441
16280
16289
16056
16301
16137
16205
16220
16262
16157
16417
16054
16952
16872
0
0
0
0
0
0
0
0
0
0
0
0
0
0
0
0
0
0
0
0
0
0
0
0
0
0
0
0
0
0
0
0
0
0
0
0
0
0
0
0
0
0
0
0
10000
12
10000
2606148442
10000
16687
16513
16601
16587
16624
16591
16579
16572
16617
16621
16538
16575
16579
16601
16606
16570
0
0
0
0
0
0
0
0
0
0
0
0
0
0
0
0
0
0
0
0
0
0
0
0
0
0
0
0
0
0
0
0
0
0
0
0
0
0
0
0
0
0
0
0
10000
11
10000
2607602652
10000
16178
16186
16154
15827
16639
19284
16982
13738
15059
15541
17184
15223
16310
17572
16632
16826
0
0
0
0
0
0
0
0
0
0
0
0
0
0
0
0
0
0
0
0
0
0
0
0
0
0
0
0
0
0
0
0
0
0
0
0
0
0
0
0
0
0
0
0
10000
12
10000
2607835751
10000
16606
16546
16667
16598
16594
16598
16577
16582
16576
16574
16598
16585
16580
16568
16569
16618
0
0
0
0
0
0
0
0
0
0
0
0
0
0
0
0
0
0
0
0
0
0
0
0
0
0
0
0
0
0
0
0
0
0
0
0
0
0
0
0
0
0
0
0
10000
11
10000
2609289908
10000
15915
16042
15396
17110
15417
13589
10434
18273
11861
24005
14701
14450
12173
10639
29287
20870
0
0
0
0
0
0
0
0
0
0
0
0
0
0
0
0
0
0
0
0
0
0
0
0
0
0
0
0
0
0
0
0
0
0
0
0
0
0
0
0
0
0
0
0
10000
12
10000
2609522791
10000
16582
16581
16583
16579
16595
16598
16564
16588
16596
16596
16581
16561
16580
16666
16586
16615
0
0
0
0
0
0
0
0
0
0
0
0
0
0
0
0
0
0
0
0
0
0
0
0
0
0
0
0
0
0
0
0
0
0
0
0
0
0
0
0
0
0
0
0
10000
11
10000
2610979026
10000
16801
14996
15245
12448
9598
24175
18060
21457
13591
17215
16982
15783
16270
16361
16028
16185
0
0
0
0
0
0
0
0
0
0
0
0
0
0
0
0
0
0
0
0
0
0
0
0
0
0
0
0
0
0
0
0
0
0
0
0
0
0
0
0
0
0
0
0
10000
12
10000
2611211983
10000
16598
16555
16552
16650
16596
16548
16566
16598
16636
16590
16559
16598
16590
16564
16586
16589
0
0
0
0
0
0
0
0
0
0
0
0
0
0
0
0
0
0
0
0
0
0
0
0
0
0
0
0
0
0
0
0
0
0
0
0
0
0
0
0
0
0
0
0
10000
12
10000
2612901954
10000
16596
16570
16586
16578
16616
16591
16804
17108
17147
18161
15689
15627
10356
8482
25112
25373
0
0
0
0
0
0
0
0
0
0
0
0
0
0
0
0
0
0
0
0
0
0
0
0
0
0
0
0
0
0
0
0
0
0
0
0
0
0
0
0
0
0
0
0
10000
11
10000
2614358352
10000
16163
16314
16107
16426
15868
16652
16017
16477
16192
16303
16250
15911
16100
16263
15759
15668
0
0
0
0
0
0
0
0
0
0
0
0
0
0
0
0
0
0
0
0
0
0
0
0
0
0
0
0
0
0
0
0
0
0
0
0
0
0
0
0
0
0
0
0
10000
12
10000
2614591485
10000
16275
13697
12698
5612
11774
20398
20148
18331
12711
3550
10442
16405
15397
16526
16917
17205
0
0
0
0
0
0
0
0
0
0
0
0
0
0
0
0
0
0
0
0
0
0
0
0
0
0
0
0
0
0
0
0
0
0
0
0
0
0
0
0
0
0
0
0
10000
11
10000
2616046448
10000
16278
16430
16228
16309
15563
15545
16918
15482
16452
15832
16505
16420
16111
16227
16323
15908
0
0
0
0
0
0
0
0
0
0
0
0
0
0
0
0
0
0
0
0
0
0
0
0
0
0
0
0
0
0
0
0
0
0
0
0
0
0
0
0
0
0
0
0
10000
12
10000
2616279554
10000
16769
16637
16500
16526
16617
16572
16583
16555
16609
16567
16589
16576
16616
16569
16568
16568
0
0
0
0
0
0
0
0
0
0
0
0
0
0
0
0
0
0
0
0
0
0
0
0
0
0
0
0
0
0
0
0
0
0
0
0
0
0
0
0
0
0
0
0
10000
11
10000
2617733730
10000
16490
16237
16372
16012
16039
16327
16508
17036
15614
16426
16180
16017
16141
16379
15921
16433
0
0
0
0
0
0
0
0
0
0
0
0
0
0
0
0
0
0
0
0
0
0
0
0
0
0
0
0
0
0
0
0
0
0
0
0
0
0
0
0
0
0
0
0
10000
12
10000
2617967628
10000
16541
16587
16524
16576
16566
16629
16625
16589
16587
16548
16639
16672
16534
16498
16574
16409
0
0
0
0
0
0
0
0
0
0
0
0
0
0
0
0
0
0
0
0
0
0
0
0
0
0
0
0
0
0
0
0
0
0
10000
11
10000
2620408271
10000
16031
15829
16072
17981
17952
14938
16636
16334
12791
14861
17522
16657
16276
17284
15815
15815
16933
15815
16206
16668
15717
16342
15790
16677
16380
16054
0
0
0
0
0
0
0
0
0
0
0
0
0
0
0
0
0
0
0
0
0
0
0
0
0
0
0
0
0
0
0
0
0
0
10000
12
10000
2621627481
10000
18283
18170
17308
15629
15885
16391
15908
16643
16226
17829
15797
15507
16810
15777
16571
16653
16183
16539
16485
16141
18495
16392
16540
16604
16619
16493
16615
16531
16612
16561
16601
16655
16587
16582
16613
16586
0
0
0
0
0
0
0
0
0
0
0
0
0
0
0
0
0
0
0
0
0
0
0
0
10000
11
10000
2626052541
10000
16283
15977
16451
16547
15754
16806
16690
15950
16152
15962
16417
16159
15820
16669
16240
15585
17018
15792
16806
16329
16423
16525
16037
16184
15140
17000
15893
16505
15902
16157
15914
16371
16207
16418
16036
16498
20005
12933
13093
14879
15933
10817
29606
9855
20825
14603
16131
14403
7911
18095
26838
25341
14642
15020
12834
0
0
0
0
0
10000
12
10000
2627271640
10000
16586
16586
16517
16600
16720
16709
16610
16554
16605
16666
16547
16484
16572
16558
16600
16549
16607
16587
16575
16590
16593
16598
16589
16595
16573
16597
16576
16587
16577
16540
16642
16541
16556
16587
16566
16584
16563
16468
16568
16568
16582
16577
16583
16599
16610
16616
16541
16591
16598
16613
16591
16627
17645
20293
18567
0
0
0
0
0
10000
11
10000
2631697790
10000
9258
34874
8276
15295
14284
17487
15071
15929
16274
16130
16366
16109
16197
16284
16140
16123
16417
16001
16262
16243
16248
16073
16087
16402
15987
16195
16134
16308
16319
15982
16582
16431
16036
16147
16139
16423
15871
17147
16680
16032
16394
15939
16466
16478
16068
16419
16046
16303
16137
16119
16283
16081
16009
16089
16805
16454
0
0
0
0
