10000
12
10000
2632917899
10000
11342
11308
5411
26094
12834
22765
14851
11976
7484
13760
22834
26609
18668
15814
12874
8454
5825
19336
27165
24931
15894
16032
16777
16871
16854
16128
16214
17206
17314
16823
16573
16458
16611
16520
16685
16745
16681
16519
16580
16526
16695
16558
16551
16593
16604
16608
16665
16631
16649
16586
16583
16598
16566
16561
16573
16668
0
0
0
0
10000
11
10000
2637345301
10000
16176
15992
16243
15993
16249
16060
16193
16084
16209
16238
16580
15731
15592
17125
15467
16383
15931
16455
16199
16161
16388
16110
16361
16059
16038
16416
16339
16286
16006
16457
15957
16518
16065
16207
16180
16280
16270
16243
16215
16543
16327
16516
15928
16422
16169
16100
15956
16380
16065
16051
16436
15970
16310
15807
15812
0
0
0
0
0
10000
12
10000
2638564186
10000
16622
16645
16679
16611
16553
16565
16498
16692
16577
16622
16608
16532
16560
16574
16589
16728
16562
16556
16630
16647
16564
16561
16647
16588
16652
16775
16715
16505
16716
16629
16673
16754
16544
16660
16488
16662
16520
16543
16654
16733
16603
16660
16602
16754
16616
16557
16532
16639
16603
16558
16624
16586
16608
16544
16607
0
0
0
0
0
10000
12
10000
2644211434
10000
16615
16570
16581
16588
16603
16599
16561
16565
16594
16611
16636
16584
16623
16615
16583
16594
16598
16609
16591
16583
16560
16620
16574
16539
16567
16554
16648
16594
16597
16577
16549
16585
16600
16558
16568
16627
16659
16590
16629
16534
16564
16563
16431
16567
16429
17157
17582
18962
15200
14915
15199
16849
15994
15765
15278
16749
0
0
0
0
10000
11
10000
2648636670
10000
15935
16937
19388
16627
15459
15342
15229
14601
16332
16019
14845
15523
15372
16161
16194
17379
16064
15217
16440
15803
16279
16216
16009
16378
16385
16781
15359
16667
15904
16787
15842
16029
16277
15806
16478
16125
16092
16306
16189
17091
16489
17110
14776
17917
15271
17071
17055
15534
16473
15790
16693
15827
16219
16073
16096
0
0
0
0
0
10000
12
10000
2649855763
10000
16996
16709
16645
16448
16820
16620
16207
17338
15751
16805
16888
16697
16810
16680
16627
17214
16953
16745
16801
16201
16266
16879
16722
16453
16765
16682
16344
16491
16543
16631
16647
16548
16595
16553
16615
16644
16602
16553
16550
16578
16569
16575
16601
16617
16618
16574
16608
16582
16566
16581
16588
16596
16619
16574
16573
0
0
0
0
0
10000
11
10000
2654282158
10000
16216
16206
16216
16139
16262
16183
16299
15996
15990
16287
16186
16248
16100
16476
16276
16072
16383
16238
16381
16081
16388
16023
16730
17465
15210
17553
16447
16244
16163
13190
14417
15991
16223
16288
18405
15322
13496
9760
11906
10154
21175
19184
15268
9940
4460
12456
13008
23716
15419
11248
9154
17780
9198
21210
17597
16648
0
0
0
0
10000
12
10000
2655503838
10000
16634
16597
16588
16565
16590
16610
16581
16590
16574
16582
16603
16627
16586
16594
16579
16590
16600
16614
16581
16601
16593
16591
16635
16602
16585
16569
16577
16579
16606
16593
16596
16588
16630
16561
16624
16602
16585
16599
16590
16542
16637
16561
16576
16645
16594
16607
16507
16594
16559
16586
16620
16559
16563
16561
16791
22429
0
0
0
0
10000
11
10000
2662989485
10000
16021
16022
16286
16280
16137
16309
16046
16008
16285
15895
16790
16147
15746
16197
16389
16197
16126
16245
16321
15831
16323
15882
15810
16999
15870
16338
16152
16171
16316
16182
16172
15883
16561
15729
16131
15958
16263
15870
16885
15553
15771
16424
16371
16289
16038
16100
16142
16635
15561
16548
16855
16273
16391
15908
15967
16038
16300
16126
16785
16800
10000
12
10000
2663223734
10000
24855
18431
16365
16520
16639
16678
16668
16774
16709
16782
16676
16508
16551
16587
16553
16758
16872
16753
16571
16538
16846
16656
16633
16579
16499
16668
16795
16630
17003
16552
16594
16653
16697
16577
16622
16538
16673
16662
16638
16559
16571
16570
16674
16719
16506
16621
16546
16587
16643
16754
16692
16704
16424
16370
16981
16595
16605
16784
16675
16809
10000
11
10000
2664677720
10000
16685
15846
16238
16544
15510
16577
15715
17131
16186
16370
16477
16103
16049
16251
16145
15488
15026
0
0
0
0
0
0
0
0
0
0
0
0
0
0
0
0
0
0
0
0
0
0
0
0
0
0
0
0
0
0
0
0
0
0
0
0
0
0
0
0
0
0
0
10000
12
10000
2664912685
10000
16605
16531
16555
16828
16568
16488
16708
16489
16760
16668
16735
16514
17392
16781
16992
16662
0
0
0
0
0
0
0
0
0
0
0
0
0
0
0
0
0
0
0
0
0
0
0
0
0
0
0
0
0
0
0
0
0
0
0
0
0
0
0
0
0
0
0
0
10000
11
10000
2666367077
10000
17374
16417
16429
16086
16299
16524
16296
15919
16026
16253
16259
16409
16056
16160
17010
16766
0
0
0
0
0
0
0
0
0
0
0
0
0
0
0
0
0
0
0
0
0
0
0
0
0
0
0
0
0
0
0
0
0
0
0
0
0
0
0
0
0
0
0
0
10000
12
10000
2666600786
10000
16497
16595
16514
16688
16689
16523
16490
16499
16607
16535
16382
16701
16535
16461
16595
18943
0
0
0
0
0
0
0
0
0
0
0
0
0
0
0
0
0
0
0
0
0
0
0
0
0
0
0
0
0
0
0
0
0
0
0
0
0
0
0
0
0
0
0
0
10000
11
10000
2668056704
10000
16480
18463
17289
15443
14199
15383
14058
15494
16188
16402
16038
16867
16014
15931
17404
16070
0
0
0
0
0
0
0
0
0
0
0
0
0
0
0
0
0
0
0
0
0
0
0
0
0
0
0
0
0
0
0
0
0
0
0
0
0
0
0
0
0
0
0
0
10000
12
10000
2668291345
10000
17103
15216
15345
14630
15116
15842
16853
16448
17501
16912
16839
16886
16851
16741
16594
16642
0
0
0
0
0
0
0
0
0
0
0
0
0
0
0
0
0
0
0
0
0
0
0
0
0
0
0
0
0
0
0
0
0
0
0
0
0
0
0
0
0
0
0
0
10000
11
10000
2669744806
10000
14930
17762
14623
14923
17292
15568
16123
16417
15824
15650
16867
15793
15825
16485
16358
16583
0
0
0
0
0
0
0
0
0
0
0
0
0
0
0
0
0
0
0
0
0
0
0
0
0
0
0
0
0
0
0
0
0
0
0
0
0
0
0
0
0
0
0
0
10000
12
10000
2669978506
10000
16508
16565
16543
16655
16673
16607
16565
16541
16690
16635
16540
16536
16552
16656
16562
16563
0
0
0
0
0
0
0
0
0
0
0
0
0
0
0
0
0
0
0
0
0
0
0
0
0
0
0
0
0
0
0
0
0
0
0
0
0
0
0
0
0
0
0
0
10000
12
10000
2671666805
10000
16552
16633
16573
16750
16570
16571
16609
16701
16968
16599
16666
16668
16853
16617
16515
16694
0
0
0
0
0
0
0
0
0
0
0
0
0
0
0
0
0
0
0
0
0
0
0
0
0
0
0
0
0
0
0
0
0
0
0
0
0
0
0
0
0
0
0
0
10000
11
10000
2673124325
10000
16728
16244
16304
15982
15128
16992
15570
15926
15924
16562
16153
16475
15850
15767
16327
16522
0
0
0
0
0
0
0
0
0
0
0
0
0
0
0
0
0
0
0
0
0
0
0
0
0
0
0
0
0
0
0
0
0
0
0
0
0
0
0
0
0
0
0
0
10000
12
10000
2673357982
10000
16500
16556
16505
16660
16563
16723
16541
16547
16566
16581
16551
16616
16566
16620
16611
16544
0
0
0
0
0
0
0
0
0
0
0
0
0
0
0
0
0
0
0
0
0
0
0
0
0
0
0
0
0
0
0
0
0
0
0
0
0
0
0
0
0
0
0
0
10000
11
10000
2674813413
10000
16049
15883
16403
16525
16263
16343
15864
15715
16610
16078
16625
15931
16205
16241
16437
15831
0
0
0
0
0
0
0
0
0
0
0
0
0
0
0
0
0
0
0
0
0
0
0
0
0
0
0
0
0
0
0
0
0
0
0
0
0
0
0
0
0
0
0
0
10000
12
10000
2675048240
10000
16604
16516
16578
16577
16611
16579
16560
16555
16592
16619
16594
16584
16537
16610
16597
16650
0
0
0
0
0
0
0
0
0
0
0
0
0
0
0
0
0
0
0
0
0
0
0
0
0
0
0
0
0
0
0
0
0
0
0
0
0
0
0
0
0
0
0
0
10000
11
10000
2677498897
10000
16305
15806
16742
16631
15908
16145
16509
16656
15679
16543
15687
16580
16281
16279
16261
16191
16338
16200
16082
15679
19818
17736
14258
13851
15175
15184
0
0
0
0
0
0
0
0
0
0
0
0
0
0
0
0
0
0
0
0
0
0
0
0
0
0
0
0
0
0
0
0
0
0
10000
12
10000
2678719078
10000
16526
16618
16589
16607
16581
16579
16550
16532
16610
16621
16557
16578
16588
16595
16559
16588
16580
16583
16538
16605
16563
16578
16572
16575
16595
16644
16534
16514
16630
16556
16615
16561
16642
16624
16540
16607
0
0
0
0
0
0
0
0
0
0
0
0
0
0
10000
11
10000
2683144285
10000
6792
15267
8489
21365
21208
14090
12086
7223
24972
6548
22039
11416
16459
11644
29441
21424
8888
13523
16783
15956
16835
15206
17216
16597
16219
16190
16444
16266
16186
16284
16186
16412
16533
16068
16201
16228
16234
16226
16540
16069
16187
16231
16409
16153
16044
15938
16322
16264
16527
15890
16515
16309
16186
16309
16094
0
0
0
0
0
10000
12
10000
2683378046
10000
16585
16605
16764
16605
16577
16661
16596
16550
16591
16592
16951
22075
18743
14289
15504
14212
1758
19239
15550
20640
18126
13424
5428
5196
19633
14374
21011
18928
13605
1935
5539
20769
17048
20141
16313
16382
16650
16625
16864
16771
16729
16609
16578
16559
16603
0
0
0
0
0
0
0
0
0
0
0
0
0
0
0
10000
11
10000
2686819054
10000
16341
16250
16373
16464
15931
16355
16462
16183
16070
16256
15926
16410
16205
16191
16262
16209
16205
16213
16263
16306
15971
16603
16320
15884
16249
15506
16959
16523
16469
16428
15504
15396
16301
14452
15153
15858
0
0
0
0
0
0
0
0
0
0
0
0
0
0
0
0
0
0
0
0
0
0
0
0
10000
12
10000
2687053894
10000
16630
16638
16645
16644
16571
16585
16642
16585
16548
16593
16447
16595
16570
16558
16561
16577
16582
16636
16629
16592
16738
16585
16805
16729
17422
17881
16946
16662
18265
14793
14985
15443
17687
17408
15515
16807
0
0
0
0
0
0
0
0
0
0
0
0
0
0
0
0
0
0
0
0
0
0
0
0
10000
11
10000
2691489071
10000
15851
15077
15313
18804
15277
16645
15920
16283
15772
15097
21087
18667
14834
17289
15836
16678
16220
16340
16358
16122
16412
16148
16405
15613
16619
16620
14122
19436
15440
16812
15980
16212
15627
16943
15686
16487
15886
16420
16141
16247
16209
16578
15817
16600
15608
17545
0
0
0
0
0
0
0
0
0
0
0
0
0
0
10000
12
10000
2691722896
10000
16007
16916
17243
18319
16798
13049
17494
15194
16961
16733
16499
16514
16646
16394
16475
16575
16515
17072
16606
16617
16651
16656
16608
16532
16552
16576
16583
16599
16567
16554
16611
16525
16504
16832
16570
16541
16541
16634
16609
16590
16549
16637
16703
16492
16627
16479
0
0
0
0
0
0
0
0
0
0
0
0
0
0
10000
11
10000
2693177293
10000
15930
15670
15971
16201
16346
16080
16471
16792
16562
15765
15940
16006
16855
16072
16197
15880
0
0
0
0
0
0
0
0
0
0
0
0
0
0
0
0
0
0
0
0
0
0
0
0
0
0
0
0
0
0
0
0
0
0
0
0
0
0
0
0
0
0
0
0
10000
12
10000
2693412427
10000
16986
16694
16565
16349
18184
16598
16701
16401
16421
16677
16371
16689
16999
16334
16476
16561
16382
0
0
0
0
0
0
0
0
0
0
0
0
0
0
0
0
0
0
0
0
0
0
0
0
0
0
0
0
0
0
0
0
0
0
0
0
0
0
0
0
0
0
0
10000
11
10000
2694865508
10000
14879
17323
15795
16838
15736
16341
16552
16896
15986
17575
17724
15382
15865
17023
16395
16154
0
0
0
0
0
0
0
0
0
0
0
0
0
0
0
0
0
0
0
0
0
0
0
0
0
0
0
0
0
0
0
0
0
0
0
0
0
0
0
0
0
0
0
0
10000
12
10000
2695100230
10000
16403
16410
16403
17003
16668
16524
16576
16616
16570
16698
16606
16540
16492
16400
16985
16715
0
0
0
0
0
0
0
0
0
0
0
0
0
0
0
0
0
0
0
0
0
0
0
0
0
0
0
0
0
0
0
0
0
0
0
0
0
0
0
0
0
0
0
0
10000
11
10000
2697541063
10000
16426
15526
14910
17775
16691
16536
15994
16062
16907
15551
16937
16030
16475
15825
15547
16708
15542
15899
16407
16276
16569
15692
16820
16788
15941
16135
0
0
0
0
0
0
0
0
0
0
0
0
0
0
0
0
0
0
0
0
0
0
0
0
0
0
0
0
0
0
0
0
0
0
10000
12
10000
2698761108
10000
16618
16965
16864
16392
16383
16828
16297
17082
16786
17848
16467
16428
16529
16550
16873
16533
16416
17079
16373
17195
16532
16527
16626
16691
16597
16688
16515
16743
16683
16543
16411
16500
16672
16715
16562
16494
0
0
0
0
0
0
0
0
0
0
0
0
0
0
0
0
0
0
0
0
0
0
0
0
10000
11
10000
2703187844
10000
16383
16323
15933
16489
16160
16238
16149
16052
16424
16078
16099
16225
16350
16573
15766
16527
16304
16342
16089
16031
16321
16257
16433
15921
16464
16179
16330
16002
15969
16327
16201
16250
16186
16298
16751
16541
16085
16643
16325
16350
16006
15315
17475
15871
17312
15859
16347
16467
16014
16758
16815
15812
16966
17016
15990
0
0
0
0
0
10000
12
10000
2704407807
10000
16505
16544
16613
16616
16504
16621
16537
16548
16538
16557
16621
16461
16539
16464
16549
16598
16594
16526
16475
16811
16586
16678
16463
16484
16978
16510
16634
16489
16575
16782
16715
16618
16744
16589
16791
16455
16675
16477
16754
16538
16673
16402
16735
16444
16549
16670
16612
16638
17052
16537
16604
16530
16811
16496
16534
0
0
0
0
0
10000
11
10000
2708833388
10000
16884
15448
17548
16623
15672
16666
15668
16593
16193
16200
16376
16287
16379
16167
16237
16437
16513
16324
16091
16506
15811
15464
16964
17370
13815
15066
15307
2956
28522
17661
21580
19259
14616
9375
17414
22193
20267
15163
22529
8215
1381
38904
10928
22678
14783
16383
15966
16097
15671
16913
15542
16028
16393
16075
16352
16273
0
0
0
0
10000
12
10000
2710052380
10000
16587
16587
16789
16590
16546
16562
16583
16608
16409
17279
16931
16672
16533
16483
16507
16541
16580
16531
16590
16616
16566
16598
16576
16479
16579
16641
16568
16593
16740
16591
16532
16632
16653
16573
16577
16538
16572
16558
16592
16633
16572
16551
16579
16575
16599
16542
16550
16612
16606
16530
16670
16559
16613
16540
16617
16557
0
0
0
0
10000
11
10000
2714478031
10000
16210
16296
16094
16172
16221
16133
16458
16388
16223
16253
16171
15934
16428
16034
16051
16249
16153
15906
16401
16234
16067
16396
15887
16595
16643
16241
16218
16298
16208
16423
16075
15990
16300
16309
15986
16126
16234
16269
16625
15678
16484
16253
16263
16469
16287
16271
15953
16199
15935
16528
16311
16393
16139
15909
16815
0
0
0
0
0
10000
12
10000
2715699337
10000
16526
16612
16651
16561
16496
16629
16519
16651
16516
16607
16666
16656
16691
16704
16911
16423
16540
16355
16550
16808
16733
16438
16940
16714
16592
16638
16547
16704
16702
16590
16475
16469
16594
16515
16872
16532
16579
16615
16407
16578
16866
16376
16963
16406
16742
16534
16589
16535
16514
16564
16639
16864
16607
16602
16497
0
0
0
0
0
10000
11
10000
2720125353
10000
16796
16033
15925
15989
16321
16502
16779
16207
16660
16083
15803
16476
16310
16181
16224
16217
16159
16290
16083
15854
16582
15936
16036
16198
16260
15972
16500
15991
16024
16334
16222
16270
16234
16187
16201
16184
16320
16289
16219
16192
16161
16259
16217
16165
16294
16146
16229
15899
16619
16227
16212
16209
16355
16236
16460
16380
0
0
0
0
10000
12
10000
2721344363
10000
16547
16646
16635
16679
16495
16618
16753
16452
16469
16742
16675
16428
16503
16601
16754
16837
16601
16232
15801
15764
21633
16807
16728
16628
16547
17479
19798
18200
14758
14312
15109
12967
12004
19450
14794
19406
16052
13648
7226
8908
20138
23805
17483
12447
10618
10693
23997
24263
21026
18250
16431
16534
16599
16679
16579
16603
0
0
0
0
10000
11
10000
2725773080
10000
16177
16237
16096
16261
16233
16249
16383
16068
16000
15634
16684
16070
16535
16303
16411
16309
16157
16421
16211
16369
16743
17388
16247
16415
16944
16319
16184
16216
16084
16023
17081
15895
16899
15693
16264
17145
18328
16749
16389
16775
14639
16667
16978
15595
15896
16738
17673
18423
16812
16647
17156
15756
18470
16289
14162
0
0
0
0
0
10000
12
10000
2726992026
10000
16940
16635
16637
16803
16730
17001
16925
16931
17353
18221
18124
21712
16570
16521
16598
17108
16597
16380
17381
17506
17379
18575
15918
18698
17306
16111
14260
15127
16565
16296
16457
19487
17859
16289
17681
16783
15850
15630
15174
14833
16288
17603
16164
17901
16660
16185
15242
16090
16568
16277
16939
17204
17632
16567
15835
0
0
0
0
0
10000
11
10000
2731417604
10000
16496
16608
14852
14465
15263
17906
15779
16729
18002
15609
14513
14836
14691
16426
15856
16373
15829
16659
15965
17995
17803
15508
19651
17346
17997
13163
13447
16764
17672
17547
14250
15419
17222
17914
15262
14207
14461
19457
18924
15878
14338
17487
16612
15655
13990
15560
16075
19068
17763
15537
17096
17965
16035
13576
13773
16320
0
0
0
0
10000
12
10000
2732636537
10000
17624
17072
16863
17113
16917
16246
17121
15177
17876
15066
16265
19343
18937
15248
16061
14877
19655
16034
13498
13522
20357
19559
17115
14004
18065
18006
19010
14695
14606
15379
20466
20014
15114
16740
15507
18834
17887
16507
15231
15177
14250
16181
16571
18553
18088
17031
19115
16592
18826
16678
16520
16467
16753
16305
17206
16330
0
0
0
0
10000
11
10000
2740119338
10000
14939
11790
12744
35234
18547
7122
8728
40209
10764
7416
2167
29674
8718
10337
8578
36524
15217
23189
12904
17049
16472
16589
15780
15677
16638
16030
16292
16083
16223
16822
16204
16396
16203
15969
16517
16498
16477
15821
16467
16313
16719
15323
16393
15964
16655
16621
14471
16594
16413
15680
16032
16123
15906
16976
16895
15785
16635
16507
15992
16479
10000
12
10000
2741338191
10000
13106
6487
2672
18718
15611
17226
17143
16800
16841
16735
16625
16592
16591
16586
16633
16542
16496
16644
16528
16584
16526
16926
16633
16823
16524
16544
16693
16682
16546
16502
16590
16620
16578
16596
16569
16560
16671
16544
16606
16631
16542
16633
16567
16648
16554
16532
16593
16787
16787
16774
16754
16742
16897
16646
16743
16637
16572
16637
16521
16508
10000
11
10000
2745763668
10000
15831
16022
16393
16201
16407
16028
16316
16185
16173
16700
16069
16217
16269
16262
16142
16291
16325
16052
16375
16222
16219
16222
16171
16254
16182
16274
16215
16262
16268
16221
16215
16255
16255
16234
16176
16292
16270
16243
16181
16205
16188
16258
16172
16293
16216
16271
16098
16418
16219
16272
16135
16222
16329
16063
17175
17151
0
0
0
0
